0
8629.9
794240
470503
349603
202857
47477.9
0
8649.48
799099
473404
351373
203891
47727.9
0
8521.69
789070
467701
347636
201584
47287.2
0
8410.95
784164
465068
345762
200360
47113.3
0
8636.07
795772
471417
350161
203183
47556.7
0
8633.89
795229
471094
349964
203067
47528.8
0
8605.11
792765
469684
349048
202506
47418.3
0
8528.96
789392
467873
347759
201664
47298.6
0
8535.03
789660
468018
347862
201731
47308.2
0
8622.75
793546
470103
349346
202701
47446
0
8660.76
801899
475076
352392
204486
47871.9
0
8592.62
792212
469387
348837
202368
47398.6
0
8670.54
804325
476524
353275
205002
47996.7
0
8649.68
799148
473433
351390
203901
47730.4
0
8656.49
800838
474442
352006
204261
47817.3
0
8621.78
793503
470080
349330
202690
47444.4
0
8651.33
799559
473678
351540
203988
47751.5
0
8649.76
799167
473445
351397
203905
47731.4
0
8569.53
791188
468838
348446
202112
47362.4
0
8383.46
782947
464415
345297
200056
47070.1
0
8549.11
790284
468352
348100
201887
47330.3
0
8403.19
783821
464884
345631
200274
47101.1
0
8596.73
792393
469484
348906
202413
47405.1
0
8661.06
801974
475120
352419
204502
47875.7
0
8565.75
791021
468748
348382
202071
47356.4
0
8649.8
799178
473451
351401
203907
47731.9
0
8574.77
791421
468962
348534
202170
47370.6
0
8633
795009
470962
349883
203021
47517.5
0
8637.76
796189
471667
350313
203272
47578.2
0
8611.03
793027
469824
349148
202571
47427.6
0
8685.22
807970
478700
354602
205778
48184.1
0
8664.5
802828
475630
352730
204684
47919.6
0
8521.49
789061
467696
347633
201582
47286.9
0
8623.14
793563
470112
349353
202705
47446.6
0
8466.83
786640
466396
346708
200977
47201
0
8516.52
788840
467578
347549
201527
47279.1
0
8461.54
786405
466271
346618
200919
47192.7
0
8674.03
805193
477042
353591
205187
48041.3
0
8646.97
798475
473032
351145
203758
47695.8
0
8652.49
799847
473850
351645
204050
47766.3
0
8665.22
803005
475736
352795
204721
47928.7
0
8504.69
788317
467296
347349
201396
47260.5
0
8629.54
794149
470449
349570
202838
47473.2
0
8627.6
793761
470218
349428
202754
47453.6
0
8526.86
789299
467823
347724
201641
47295.3
0
8601.15
792589
469589
348981
202462
47412
0
8628.62
793921
470313
349487
202789
47461.5
0
8588.77
792041
469295
348771
202325
47392.6
0
8567.39
791094
468787
348410
202089
47359
0
8517.84
788899
467609
347571
201541
47281.2
0
8647.84
798692
473161
351224
203804
47706.9
0
8633.42
795114
471025
349921
203043
47522.8
0
8657.07
800984
474529
352059
204292
47824.8
0
8639.84
796707
471976
350501
203382
47604.8
0
8596.02
792362
469467
348894
202405
47404
0
8624.77
793635
470151
349381
202723
47449.1
0
8580.78
791687
469105
348636
202237
47380
0
8624.01
793602
470133
349368
202715
47447.9
0
8688.79
808855
479229
354925
205966
48229.7
0
8528.44
789368
467861
347750
201658
47297.8
0
8671.37
804533
476648
353351
205046
48007.3
0
8629.7
794190
470473
349585
202846
47475.3
0
8576.15
791482
468995
348558
202186
47372.8
0
8572.76
791332
468914
348500
202148
47367.4
0
8561.61
790838
468649
348312
202025
47349.9
0
8631.67
794677
470764
349763
202950
47500.4
0
8484.61
787427
466819
347009
201174
47229
0
8665.05
802964
475711
352780
204713
47926.6
0
8637.8
796200
471673
350317
203274
47578.7
0
8639.68
796667
471952
350487
203373
47602.7
0
8589.15
792058
469304
348778
202329
47393.2
0
8591.44
792159
469358
348816
202355
47396.8
0
8634.08
795278
471123
349981
203078
47531.3
0
8648.62
798886
473277
351295
203845
47716.9
0
8635.05
795517
471265
350068
203129
47543.6
0
8629.89
794238
470502
349602
202856
47477.8
0
8377.74
782693
464279
345200
199993
47061.1
0
8525.69
789247
467795
347704
201628
47293.5
0
8631.84
794721
470790
349778
202959
47502.6
0
8656.19
800764
474398
351979
204245
47813.5
0
8483.67
787386
466797
346993
201164
47227.5
0
8635.27
795573
471299
350089
203140
47546.5
0
8648.75
798917
473296
351306
203852
47718.5
0
8639.1
796523
471866
350435
203343
47595.3
0
8514.72
788761
467535
347518
201507
47276.3
0
8638.28
796319
471744
350360
203299
47584.8
0
8616.63
793275
469957
349243
202633
47436.3
0
8542.71
790001
468200
347992
201816
47320.2
0
8609.11
792942
469778
349116
202550
47424.5
0
8617.8
793327
469985
349263
202646
47438.2
0
8628.47
793885
470291
349474
202782
47459.7
0
8691.41
809507
479618
355162
206105
48263.2
0
8603.31
792685
469641
349017
202486
47415.4
0
8563.41
790918
468692
348342
202045
47352.8
0
8666.08
803220
475864
352873
204767
47939.8
0
8657.26
801031
474557
352076
204301
47827.2
0
8639.96
796736
471993
350512
203388
47606.3
0
8600.45
792558
469573
348969
202454
47410.9
0
8661.78
802152
475227
352484
204540
47884.9
0
8567.19
791085
468782
348406
202087
47358.7
0
8660.53
801842
475041
352371
204474
47868.9
0
8566.69
791063
468770
348398
202081
47357.9
0
8648.69
798903
473287
351301
203849
47717.8
0
8612.44
793089
469858
349172
202587
47429.8
0
8645.32
798067
472788
350997
203671
47674.8
0
8469.21
786745
466453
346748
201004
47204.8
0
8646.13
798268
472908
351070
203714
47685.1
0
8655.36
800559
474276
351904
204201
47802.9
0
8671.23
804497
476627
353338
205039
48005.5
0
8632.2
794809
470843
349811
202978
47507.2
0
8653.09
799996
473940
351699
204081
47774
0
8373.43
782502
464176
345127
199945
47054.3
0
8668.76
803884
476261
353115
204908
47974
0
8629.98
794259
470515
349610
202861
47478.9
0
8630.09
794286
470530
349620
202867
47480.3
0
8607.62
792876
469743
349090
202533
47422.2
0
8653.55
800109
474007
351740
204105
47779.8
0
8486.65
787518
466867
347043
201197
47232.2
0
8667.35
803534
476052
352987
204834
47955.9
0
8705.51
813007
481707
356436
206849
48443.2
0
8575.24
791442
468973
348542
202176
47371.3
0
8319.27
780103
462888
344211
199347
46969.2
0
8417.85
784470
465232
345879
200436
47124.1
0
8453.26
786038
466074
346478
200827
47179.7
0
8597.26
792417
469497
348915
202419
47405.9
0
8632.95
794995
470954
349878
203018
47516.8
0
8474.62
786985
466582
346840
201064
47213.3
0
8627.56
793759
470217
349428
202754
47453.5
0
8430.43
785027
465531
346092
200575
47143.9
0
8703.04
812394
481341
356213
206719
48411.7
0
8525.8
789252
467798
347706
201629
47293.7
0
8650.74
799412
473591
351486
203957
47743.9
0
8367.21
782227
464028
345022
199877
47044.6
0
8661.34
802043
475162
352444
204517
47879.3
0
8667.1
803471
476014
352964
204821
47952.7
0
8648.7
798906
473289
351302
203850
47717.9
0
8641.69
797166
472250
350669
203479
47628.4
0
8454.34
786086
466099
346496
200839
47181.4
0
8617.65
793320
469982
349260
202644
47438
0
8647.3
798559
473082
351176
203776
47700.1
0
8535.32
789673
468025
347867
201734
47308.6
0
8565.45
791008
468741
348377
202067
47356
0
8607.67
792878
469744
349091
202534
47422.3
0
8656.7
800890
474473
352025
204272
47820
0
8392.79
783360
464636
345455
200159
47084.7
0
8632.93
794991
470951
349877
203017
47516.5
0
8593.05
792230
469397
348844
202372
47399.3
0
8629.55
794153
470451
349572
202838
47473.5
0
8716.61
815761
483352
357439
207435
48584.9
0
8608.04
792894
469753
349097
202538
47422.9
0
8628.95
794002
470361
349517
202806
47465.7
0
8674.18
805228
477064
353604
205194
48043.1
0
8628.81
793969
470341
349504
202799
47463.9
0
8634.25
795319
471147
349996
203087
47533.4
0
8634.75
795444
471222
350042
203113
47539.8
0
8636.68
795922
471507
350216
203215
47564.4
0
8579.97
791651
469086
348622
202228
47378.8
0
8573.82
791379
468940
348518
202160
47369.1
0
8558.6
790705
468578
348261
201992
47345.2
0
8480.18
787231
466714
346934
201125
47222
0
8529.66
789422
467890
347771
201672
47299.7
0
8522.38
789100
467717
347648
201591
47288.3
0
8404.05
783859
464904
345645
200284
47102.4
0
8670.6
804340
476533
353281
205006
47997.4
0
8640.33
796828
472048
350546
203408
47611
0
8644.73
797921
472701
350944
203640
47667.3
0
8607.17
792856
469732
349083
202528
47421.5
0
8636.75
795939
471517
350222
203218
47565.3
0
8581.48
791718
469122
348648
202245
47381.1
0
8533.6
789597
467984
347838
201715
47305.9
0
8629.91
794241
470503
349604
202857
47477.9
0
8624.64
793630
470148
349378
202722
47448.9
0
8641.75
797181
472259
350674
203483
47629.2
0
8568.91
791161
468823
348435
202106
47361.4
0
8661.3
802033
475156
352441
204515
47878.8
0
8640.23
796804
472034
350537
203402
47609.8
0
8480.36
787239
466718
346937
201127
47222.3
0
8641.52
797122
472224
350653
203470
47626.2
0
8541.57
789950
468173
347973
201803
47318.4
0
8501.69
788184
467225
347298
201363
47255.8
0
8595.49
792338
469455
348885
202399
47403.1
0
8668.35
803783
476201
353078
204887
47968.8
0
8631.63
794668
470758
349759
202948
47499.9
0
8654.94
800454
474213
351866
204179
47797.6
0
8641.19
797042
472176
350624
203453
47622
0
8662.41
802309
475320
352541
204573
47893
0
8598.92
792490
469536
348943
202437
47408.5
0
8682.82
807373
478344
354385
205651
48153.5
0
8681.49
807045
478148
354266
205581
48136.5
0
8555.03
790546
468493
348200
201952
47339.6
0
8639.25
796560
471888
350448
203350
47597.2
0
8664.07
802721
475566
352691
204661
47914.1
0
8631.19
794559
470693
349719
202925
47494.3
0
8654.41
800322
474134
351818
204151
47790.7
0
8506.47
788395
467339
347379
201416
47263.3
0
8565.84
791025
468750
348383
202072
47356.6
0
8573.28
791355
468927
348509
202154
47368.3
0
8642.88
797460
472425
350776
203542
47643.5
0
8634.38
795352
471167
350008
203093
47535.1
0
8669.23
804002
476331
353158
204934
47980
0
8674.56
805323
477120
353639
205215
48048
0
8481.34
787282
466741
346953
201138
47223.8
0
8498.74
788053
467155
347248
201330
47251.2
0
8678.36
806268
477684
353983
205416
48096.6
0
8637.9
796224
471688
350326
203279
47580
0
8495.94
787929
467088
347200
201299
47246.8
0
8640.77
796936
472113
350585
203430
47616.6
0
8659.9
801686
474949
352315
204441
47860.9
0
8654.74
800406
474184
351848
204169
47795
0
8660.59
801857
475051
352377
204477
47869.7
0
8605.5
792782
469693
349054
202510
47418.9
0
8613.51
793137
469883
349190
202599
47431.5
0
8681.67
807089
478174
354282
205590
48138.8
0
8637.45
796112
471621
350285
203255
47574.2
0
8665.11
802978
475720
352785
204716
47927.3
0
8638.34
796335
471754
350366
203303
47585.7
0
8715.26
815425
483151
357317
207364
48567.6
0
8694.43
810255
480065
355434
206264
48301.7
0
8447.62
785789
465940
346383
200765
47170.9
0
8493.74
787832
467036
347163
201275
47243.3
0
8479.88
787218
466707
346929
201122
47221.5
0
8677.27
805997
477522
353884
205358
48082.7
0
8608.58
792918
469766
349107
202544
47423.7
0
8454.41
786089
466101
346498
200840
47181.5
0
8651.1
799500
473644
351519
203976
47748.5
0
8543.6
790040
468221
348007
201826
47321.6
0
8613.2
793123
469876
349185
202595
47431
0
8657.91
801192
474654
352135
204336
47835.5
0
8660.26
801775
475002
352347
204460
47865.5
0
8636.01
795755
471407
350155
203179
47555.8
0
8636.39
795850
471464
350189
203199
47560.7
0
8576.25
791486
468998
348560
202187
47372.9
0
8592.99
792228
469395
348843
202372
47399.2
0
8653.04
799984
473932
351695
204079
47773.3
0
8633.98
795252
471107
349972
203072
47530
0
8629.29
794089
470413
349548
202825
47470.1
0
8623.67
793587
470125
349362
202711
47447.4
0
8651.04
799487
473636
351514
203973
47747.8
0
8678.64
806337
477726
354008
205430
48100.2
0
8489.88
787661
466944
347098
201232
47237.2
0
8658.2
801264
474696
352161
204351
47839.2
0
8636.1
795779
471422
350164
203184
47557.1
0
8640.31
796822
472045
350543
203406
47610.7
0
8616.55
793272
469956
349242
202632
47436.2
0
8515.75
788806
467559
347536
201518
47277.9
0
8637.4
796101
471614
350281
203253
47573.7
0
8671.44
804549
476658
353357
205050
48008.2
0
8575.48
791452
468979
348547
202178
47371.7
0
8629.91
794241
470504
349604
202857
47478
0
8570.07
791213
468851
348455
202118
47363.2
0
8666.74
803384
475962
352933
204802
47948.3
0
8605.56
792785
469694
349056
202511
47419
0
8670.94
804425
476584
353312
205024
48001.8
0
8540.97
789923
468159
347962
201797
47317.5
0
8655.4
800569
474281
351908
204203
47803.4
0
8658.15
801252
474689
352156
204348
47838.6
0
8635.43
795612
471322
350103
203149
47548.5
0
8625.67
793675
470172
349396
202733
47450.5
0
8635.91
795732
471394
350147
203174
47554.7
0
8650.34
799313
473532
351451
203936
47738.9
0
8656.08
800738
474382
351969
204239
47812.1
0
8496.65
787960
467105
347212
201307
47247.9
0
8674.4
805285
477097
353625
205206
48046
0
8539.44
789856
468122
347937
201780
47315.1
0
8558.55
790702
468577
348260
201991
47345.1
0
8608.74
792926
469770
349109
202546
47424
0
8597.01
792406
469491
348911
202416
47405.5
0
8627.56
793759
470217
349428
202754
47453.5
0
8480.56
787248
466723
346940
201129
47222.6
0
8657.03
800973
474523
352055
204289
47824.2
0
8641.57
797135
472231
350657
203473
47626.8
0
8638.7
796425
471807
350399
203322
47590.3
0
8659.07
801478
474825
352239
204397
47850.2
0
8451.31
785952
466027
346445
200806
47176.7
0
8609.97
792980
469799
349130
202559
47425.9
0
8610.88
793020
469821
349146
202569
47427.3
0
8497.62
788003
467128
347229
201318
47249.4
0
8557.31
790647
468547
348239
201977
47343.2
0
8655.55
800607
474304
351921
204211
47805.4
0
8643.42
797594
472506
350825
203570
47650.4
0
8524.05
789174
467757
347676
201610
47290.9
0
8579.9
791648
469084
348621
202227
47378.7
0
8579.29
791621
469070
348611
202220
47377.7
0
8646.41
798336
472949
351095
203728
47688.6
0
8591.68
792170
469364
348821
202357
47397.2
0
8597.84
792442
469511
348925
202425
47406.8
0
8670.8
804390
476563
353299
205016
48000
0
8563.17
790907
468686
348338
202042
47352.4
0
8413.91
784296
465138
345812
200393
47117.9
0
8618.01
793336
469990
349266
202648
47438.5
0
8598.49
792471
469526
348936
202433
47407.9
0
8505.55
788355
467317
347363
201405
47261.9
0
8638.3
796324
471747
350362
203300
47585.1
0
8527.01
789305
467827
347726
201643
47295.6
0
8657.1
800991
474534
352062
204293
47825.2
0
8608.71
792924
469769
349109
202545
47423.9
0
8473.44
786932
466553
346820
201050
47211.4
0
8633.16
795048
470986
349898
203029
47519.5
0
8470.99
786824
466495
346778
201023
47207.6
0
8641.14
797028
472168
350618
203450
47621.3
0
8677.91
806154
477616
353941
205391
48090.7
0
8635.94
795739
471398
350149
203176
47555
0
8657.21
801017
474549
352071
204299
47826.5
0
8512.43
788659
467480
347479
201481
47272.7
0
8664.45
802815
475622
352725
204681
47919
0
8538.39
789809
468097
347919
201768
47313.4
0
8634.61
795407
471200
350028
203105
47537.9
0
8572.61
791325
468911
348498
202146
47367.2
0
8659.79
801659
474932
352305
204435
47859.5
0
8566.5
791054
468766
348394
202079
47357.6
0
8583.48
791807
469169
348682
202267
47384.3
0
8631.72
794691
470772
349767
202953
47501.1
0
8679.98
806669
477924
354129
205501
48117.2
0
8608.47
792914
469763
349105
202543
47423.5
0
8651.57
799617
473713
351561
204001
47754.5
0
8597.36
792421
469499
348917
202420
47406.1
0
8631.76
794700
470778
349771
202955
47501.6
0
8615.87
793241
469939
349230
202625
47435.2
0
8659.77
801652
474928
352302
204434
47859.2
0
8583.54
791809
469171
348683
202267
47384.4
0
8529.53
789417
467887
347769
201670
47299.5
0
8642.16
797281
472319
350711
203504
47634.3
0
8543.72
790046
468224
348009
201827
47321.8
0
8477.68
787120
466654
346891
201097
47218.1
0
8572.53
791321
468909
348496
202146
47367.1
0
8581.47
791717
469121
348648
202244
47381.1
0
8497.01
787977
467114
347219
201311
47248.5
0
8677.76
806118
477595
353928
205384
48088.9
0
8635.45
795618
471326
350105
203150
47548.8
0
8633.21
795061
470993
349902
203031
47520.1
0
8458.43
786267
466197
346566
200885
47187.8
0
8662.76
802395
475372
352572
204592
47897.4
0
8647.5
798607
473111
351194
203786
47702.6
0
8683.78
807613
478487
354472
205702
48165.8
0
8531.13
789488
467925
347796
201688
47302
0
8639.29
796569
471893
350451
203352
47597.7
0
8447.92
785802
465947
346388
200769
47171.3
0
8633.37
795101
471017
349917
203040
47522.2
0
8634.61
795408
471200
350029
203105
47538
0
8650.61
799380
473572
351475
203950
47742.3
0
8607.18
792856
469733
349083
202529
47421.5
0
8475.16
787008
466594
346849
201070
47214.1
0
8643.13
797524
472463
350799
203555
47646.8
0
8623.74
793590
470126
349363
202712
47447.5
0
8534.24
789626
467999
347849
201723
47306.9
0
8630.38
794358
470573
349646
202882
47484
0
8594.5
792295
469431
348868
202388
47401.6
0
8535.5
789681
468029
347870
201736
47308.9
0
8637.88
796221
471686
350325
203278
47579.8
0
8629.32
794095
470417
349551
202826
47470.5
0
8608.5
792915
469764
349105
202543
47423.6
0
8543.4
790031
468216
348004
201824
47321.3
0
8574.8
791422
468963
348535
202171
47370.6
0
8648.83
798938
473308
351314
203856
47719.6
0
8640.94
796980
472139
350601
203440
47618.8
0
8654.61
800372
474164
351836
204161
47793.3
0
8640.24
796806
472035
350538
203403
47609.9
0
8449.58
785876
465986
346416
200787
47173.9
0
8653.87
800189
474055
351769
204122
47783.9
0
8610.75
793014
469818
349143
202568
47427.1
0
8590.88
792135
469345
348807
202348
47395.9
0
8578.59
791590
469053
348599
202213
47376.6
0
8478.52
787158
466674
346906
201107
47219.4
0
8495.94
787929
467088
347200
201299
47246.8
0
8669.22
803999
476329
353156
204933
47979.9
0
8532.25
789538
467952
347815
201701
47303.8
0
8562.45
790875
468669
348326
202034
47351.2
0
8614.28
793171
469902
349203
202607
47432.7
0
8619.57
793405
470027
349293
202665
47441
0
8657.07
800984
474529
352059
204292
47824.8
0
8435.44
785249
465650
346177
200631
47151.7
0
8675.06
805449
477195
353684
205241
48054.5
0
8577.37
791536
469024
348578
202199
47374.7
0
8661.09
801981
475125
352422
204504
47876.1
0
8668.06
803711
476158
353052
204872
47965.1
0
8605.23
792770
469686
349050
202507
47418.4
0
8454.67
786101
466107
346502
200843
47181.9
0
8588.23
792017
469282
348762
202319
47391.7
0
8642.79
797439
472413
350768
203537
47642.4
0
8602.63
792655
469625
349006
202478
47414.4
0
8632.39
794856
470871
349828
202988
47509.6
0
8567.27
791088
468784
348407
202087
47358.8
0
8676.04
805690
477339
353772
205293
48066.9
0
8519.66
788979
467652
347602
201561
47284
0
8556.95
790631
468539
348233
201973
47342.6
0
8612.86
793108
469868
349179
202591
47430.4
0
8680.67
806842
478027
354192
205538
48126.1
0
8629.35
794104
470422
349554
202828
47470.9
0
8638.58
796395
471789
350388
203315
47588.7
0
8661.18
802002
475137
352430
204508
47877.2
0
8631.94
794746
470805
349787
202965
47503.9
0
8391.29
783294
464601
345429
200143
47082.4
0
8629.16
794055
470393
349536
202818
47468.4
0
8650.18
799273
473508
351436
203927
47736.8
0
8661.91
802183
475245
352495
204547
47886.5
0
8524.95
789214
467778
347691
201620
47292.3
0
8571.27
791266
468879
348475
202132
47365.1
0
8570.63
791238
468864
348464
202125
47364.1
0
8555.04
790547
468493
348201
201952
47339.6
0
8668.91
803923
476284
353129
204917
47976
0
8631.59
794658
470753
349756
202946
47499.4
0
8657.76
801154
474631
352121
204328
47833.6
0
8578.06
791566
469040
348590
202207
47375.8
0
8482.2
787320
466762
346968
201147
47225.2
0
8600.81
792574
469581
348975
202458
47411.5
0
8525.85
789254
467799
347707
201630
47293.8
0
8630.52
794392
470594
349659
202889
47485.7
0
8498.74
788053
467155
347248
201330
47251.2
0
8594.33
792287
469427
348865
202387
47401.3
0
8642.7
797417
472400
350760
203533
47641.3
0
8600.72
792570
469579
348974
202457
47411.4
0
8677
805929
477482
353859
205343
48079.1
0
8597.65
792434
469506
348922
202423
47406.5
0
8672.76
804878
476854
353477
205120
48025.1
0
8641.09
797017
472161
350614
203448
47620.7
0
8674.24
805244
477073
353610
205198
48043.9
0
8649.45
799092
473400
351370
203889
47727.5
0
8457.71
786236
466180
346554
200877
47186.7
0
8667.05
803460
476008
352960
204818
47952.2
0
8612.53
793093
469860
349174
202588
47429.9
0
8574.83
791423
468964
348535
202171
47370.7
0
8673.89
805158
477022
353579
205180
48039.5
0
8572.65
791327
468912
348499
202147
47367.3
0
8669.31
804020
476342
353164
204937
47981
0
8661.35
802046
475163
352445
204517
47879.4
0
8631.85
794723
470792
349779
202960
47502.8
0
8653.95
800209
474067
351777
204127
47785
0
8645.67
798153
472839
351028
203689
47679.2
0
8656.62
800872
474463
352018
204268
47819.1
0
8506.06
788377
467329
347372
201411
47262.7
0
8662.63
802362
475352
352561
204585
47895.7
0
8640.56
796886
472083
350567
203420
47614
0
8380.28
782806
464339
345243
200021
47065.1
0
8577.61
791546
469030
348582
202202
47375.1
0
8497.82
788012
467133
347232
201320
47249.7
0
8541.69
789955
468176
347975
201805
47318.6
0
8529.94
789435
467896
347776
201675
47300.2
0
8422.96
784696
465353
345965
200493
47132.1
0
8615.15
793209
469922
349218
202617
47434
0
8559.48
790743
468599
348276
202001
47346.6
0
8412.63
784239
465108
345791
200379
47115.9
0
8684.39
807764
478577
354528
205734
48173.6
0
8632.06
794774
470822
349798
202971
47505.4
0
8556.25
790600
468522
348221
201966
47341.5
0
8427.97
784918
465473
346050
200548
47140
0
8635.17
795546
471283
350079
203135
47545.1
0
8620.63
793452
470052
349311
202677
47442.6
0
8539.2
789845
468117
347932
201777
47314.7
0
8554.95
790543
468491
348199
201951
47339.5
0
8463.77
786504
466324
346656
200944
47196.2
0
8650.89
799448
473612
351500
203965
47745.8
0
8595.08
792320
469445
348878
202395
47402.5
0
8630.03
794270
470521
349614
202863
47479.5
0
8475.68
787031
466607
346858
201075
47214.9
0
8585.6
791901
469220
348718
202290
47387.6
0
8577.64
791548
469031
348583
202202
47375.1
0
8657.16
801005
474542
352066
204296
47825.9
0
8590.66
792125
469340
348803
202346
47395.6
0
8533.75
789604
467987
347840
201717
47306.2
0
8549.32
790293
468357
348104
201889
47330.6
0
8660.67
801876
475062
352384
204481
47870.7
0
8517.26
788874
467595
347561
201535
47280.3
0
8639.04
796508
471857
350429
203339
47594.6
0
8628.32
793846
470268
349460
202773
47457.7
0
8617.04
793293
469967
349250
202637
47437
0
8641.77
797186
472262
350676
203484
47629.4
0
8575.4
791449
468977
348545
202177
47371.6
0
8558.73
790710
468581
348263
201993
47345.4
0
8635.92
795734
471395
350147
203175
47554.7
0
8630.85
794475
470644
349689
202907
47490
0
8651.6
799625
473718
351564
204003
47754.9
0
8675.31
805511
477232
353707
205255
48057.6
0
8542.68
789999
468199
347991
201816
47320.2
0
8634.99
795503
471257
350063
203126
47542.9
0
8623.78
793592
470127
349364
202712
47447.6
0
8652.24
799784
473813
351622
204036
47763.1
0
8594.57
792298
469433
348870
202389
47401.7
0
8571.46
791274
468884
348478
202134
47365.4
0
8679.78
806619
477894
354110
205490
48114.6
0
8579.07
791611
469065
348607
202218
47377.4
0
8584.2
791838
469186
348694
202275
47385.4
0
8670.73
804373
476553
353293
205013
47999.1
0
8659.38
801555
474870
352267
204413
47854.2
0
8541.9
789965
468181
347978
201807
47319
0
8643.58
797634
472530
350839
203579
47652.5
0
8547.77
790225
468321
348078
201872
47328.2
0
8614.65
793187
469910
349209
202611
47433.2
0
8603.62
792699
469648
349023
202489
47415.9
0
8610.73
793014
469817
349143
202568
47427.1
0
8676.09
805703
477347
353777
205295
48067.5
0
8556.95
790631
468539
348233
201973
47342.6
0
8477.69
787121
466654
346892
201097
47218.1
0
8657.03
800972
474522
352055
204289
47824.2
0
8660.16
801751
474987
352338
204455
47864.2
0
8521.41
789057
467694
347632
201581
47286.8
0
8510.4
788570
467432
347445
201459
47269.5
0
8624.79
793637
470151
349381
202723
47449.2
0
8644.57
797881
472677
350929
203631
47665.2
0
8583.98
791829
469181
348690
202272
47385.1
0
8644.98
797983
472738
350966
203653
47670.4
0
8490.03
787667
466948
347100
201234
47237.5
0
8634
795257
471110
349974
203073
47530.2
0
8676.2
805731
477363
353787
205301
48069
0
8637.78
796195
471670
350315
203273
47578.5
0
8633.55
795146
471044
349933
203050
47524.5
0
8523.8
789163
467751
347672
201607
47290.5
0
8636.29
795824
471449
350180
203194
47559.4
0
8681.3
806997
478120
354248
205571
48134.1
0
8648.86
798945
473312
351316
203858
47719.9
0
8529.27
789405
467881
347764
201668
47299.1
0
8587.88
792001
469274
348756
202315
47391.2
0
8674.7
805358
477141
353651
205222
48049.8
0
8605.12
792765
469684
349048
202506
47418.3
0
8648.71
798908
473290
351303
203850
47718
0
8688.23
808716
479146
354874
205936
48222.5
0
8617.66
793321
469982
349260
202644
47438
0
8545.32
790116
468262
348036
201845
47324.3
0
8495.58
787913
467080
347194
201295
47246.2
0
8650.09
799251
473494
351428
203923
47735.6
0
8608.64
792921
469767
349108
202545
47423.8
0
8638.83
796455
471825
350410
203328
47591.8
0
8507.39
788436
467361
347394
201426
47264.8
0
8654.87
800437
474203
351860
204175
47796.7
0
8585.56
791899
469219
348717
202290
47387.6
0
8680.74
806859
478037
354198
205541
48127
0
8657.69
801136
474620
352114
204324
47832.6
0
8638.18
796296
471730
350352
203294
47583.6
0
8641.29
797066
472190
350632
203458
47623.3
0
8435.81
785266
465659
346183
200635
47152.3
0
8630.89
794484
470649
349692
202909
47490.5
0
8528.82
789386
467870
347757
201663
47298.4
0
8661.8
802156
475229
352485
204541
47885.1
0
8514.81
788765
467537
347520
201508
47276.4
0
8569.1
791170
468827
348438
202108
47361.7
0
8537.39
789765
468074
347902
201757
47311.9
0
8651.18
799520
473655
351526
203980
47749.5
0
8612.91
793110
469869
349180
202592
47430.5
0
8654.09
800242
474087
351789
204134
47786.7
0
8647.29
798556
473080
351175
203775
47699.9
0
8603.64
792699
469649
349023
202489
47415.9
0
8567.67
791106
468794
348414
202092
47359.4
0
8653.75
800159
474037
351758
204116
47782.4
0
8630.06
794279
470526
349618
202865
47479.9
0
8649.16
799020
473357
351344
203874
47723.8
0
8607.14
792855
469732
349082
202528
47421.4
0
8630.98
794506
470662
349700
202914
47491.6
0
8632
794760
470813
349793
202967
47504.6
0
8636.14
795788
471427
350167
203186
47557.5
0
8565.51
791011
468742
348378
202068
47356.1
0
8553.55
790481
468458
348175
201936
47337.3
0
8605.87
792798
469702
349061
202514
47419.5
0
8631.26
794577
470704
349726
202929
47495.2
0
8605.17
792767
469685
349049
202506
47418.4
0
8566.55
791057
468767
348395
202080
47357.7
0
8659.62
801615
474906
352289
204426
47857.3
0
8628.6
793918
470311
349486
202788
47461.3
0
8633.98
795252
471107
349972
203072
47530
0
8525.42
789235
467789
347699
201625
47293.1
0
8488.13
787583
466903
347068
201213
47234.5
0
8588.57
792032
469290
348768
202323
47392.3
0
8644.28
797808
472633
350902
203616
47661.4
0
8658.89
801434
474798
352223
204387
47848
0
8504.77
788320
467298
347350
201397
47260.6
0
8639.29
796570
471894
350452
203353
47597.7
0
8607.8
792884
469747
349093
202535
47422.5
0
8488.35
787593
466908
347072
201215
47234.8
0
8604.11
792720
469660
349031
202495
47416.7
0
8574.54
791411
468957
348531
202168
47370.2
0
8600.38
792555
469571
348968
202453
47410.8
0
8629.71
794193
470475
349586
202847
47475.5
0
8500.95
788151
467207
347285
201355
47254.6
0
8635.47
795622
471328
350106
203151
47549
0
8652.22
799780
473811
351620
204035
47762.9
0
8460.01
786338
466234
346592
200902
47190.3
0
8681.23
806978
478108
354241
205567
48133.1
0
8619.37
793396
470023
349289
202663
47440.7
0
8514.73
788761
467535
347518
201507
47276.3
0
8446.38
785734
465910
346362
200752
47168.9
0
8466.58
786628
466390
346704
200975
47200.6
0
8628.7
793942
470325
349495
202793
47462.6
0
8585.84
791911
469225
348722
202293
47388
0
8646.58
798379
472974
351110
203737
47690.8
0
8655.43
800575
474285
351910
204205
47803.8
0
8607.8
792884
469747
349093
202535
47422.5
0
8651.45
799589
473696
351551
203995
47753
0
8626.17
793697
470184
349404
202738
47451.3
0
8643.34
797575
472494
350818
203566
47649.5
0
8673
804937
476889
353498
205132
48028.1
0
8639.96
796736
471993
350512
203388
47606.3
0
8666.35
803287
475905
352897
204782
47943.3
0
8666.56
803337
475934
352916
204792
47945.8
0
8652.44
799834
473843
351640
204047
47765.7
0
8465.11
786564
466356
346679
200959
47198.3
0
8635.54
795638
471338
350113
203154
47549.8
0
8554.17
790509
468473
348186
201943
47338.2
0
8518.23
788917
467618
347578
201546
47281.8
0
8629.52
794145
470446
349569
202837
47473
0
8639.99
796745
471998
350515
203390
47606.7
0
8459.6
786319
466224
346585
200898
47189.7
0
8637.69
796172
471656
350307
203268
47577.3
0
8681.18
806966
478101
354237
205564
48132.5
0
8591.85
792177
469368
348823
202359
47397.4
0
8586.33
791933
469237
348730
202298
47388.8
0
8650.07
799245
473491
351426
203922
47735.3
0
8533.57
789596
467983
347837
201715
47305.9
0
8580.07
791656
469088
348624
202229
47378.9
0
8351.55
781533
463656
344757
199703
47019.9
0
8654.14
800257
474095
351794
204137
47787.4
0
8616.74
793280
469960
349245
202634
47436.5
0
8653.58
800116
474011
351743
204107
47780.1
0
8651.96
799713
473771
351596
204021
47759.4
0
8630.85
794476
470644
349689
202907
47490
0
8503.34
788257
467264
347326
201381
47258.4
0
8632.63
794916
470906
349849
203001
47512.7
0
8635.06
795519
471267
350069
203129
47543.7
0
8646.48
798354
472959
351101
203732
47689.5
0
8585.17
791881
469209
348710
202285
47386.9
0
8646.05
798248
472896
351063
203710
47684.1
0
8444.81
785664
465873
346335
200734
47166.5
0
8489.73
787654
466941
347095
201231
47237
0
8665.93
803181
475841
352859
204759
47937.8
0
8590.95
792137
469347
348808
202349
47396
0
8630.2
794314
470547
349630
202873
47481.7
0
8660.72
801889
475070
352388
204484
47871.3
0
8632.15
794798
470836
349806
202976
47506.6
0
8545.09
790106
468257
348032
201842
47324
0
8643.9
797714
472577
350868
203596
47656.6
0
8558.61
790705
468578
348261
201992
47345.2
0
8635.1
795529
471273
350073
203131
47544.2
0
8720.3
816677
483899
357773
207630
48632
0
8632.27
794826
470853
349817
202982
47508.1
0
8636.94
795988
471546
350240
203229
47567.8
0
8539.36
789852
468121
347935
201779
47315
0
8463.72
786502
466323
346655
200943
47196.2
0
8633.2
795059
470992
349902
203031
47520
0
8480.43
787242
466720
346938
201128
47222.4
0
8656.74
800901
474480
352029
204274
47820.5
0
8658.54
801347
474746
352191
204369
47843.5
0
8651.47
799592
473698
351552
203995
47753.2
0
8592.57
792209
469385
348836
202367
47398.5
0
8584.7
791861
469198
348702
202280
47386.2
0
8663.31
802533
475454
352623
204621
47904.5
0
8545.62
790130
468269
348041
201848
47324.8
0
8650.2
799278
473511
351438
203929
47737
0
8637.29
796072
471597
350270
203247
47572.2
0
8564.13
790949
468709
348354
202053
47353.9
0
8577.24
791530
469021
348576
202198
47374.5
0
8308.97
779647
462644
344036
199233
46953.1
0
8630.88
794484
470648
349692
202909
47490.4
0
8589.99
792095
469324
348792
202339
47394.5
0
8590.85
792133
469345
348807
202348
47395.9
0
8540.33
789895
468143
347952
201790
47316.5
0
8585.56
791899
469219
348717
202290
47387.5
0
8516.49
788839
467577
347548
201526
47279.1
0
8651.46
799590
473697
351551
203995
47753.1
0
8491.42
787729
466981
347124
201249
47239.7
0
8632.26
794824
470852
349816
202981
47508
0
8650.39
799325
473539
351455
203939
47739.5
0
8654.99
800467
474221
351871
204182
47798.2
0
8507.82
788455
467371
347402
201431
47265.4
0
8640.43
796854
472064
350555
203413
47612.4
0
8637.17
796043
471579
350260
203240
47570.6
0
8607.65
792877
469744
349091
202534
47422.2
0
8646.32
798314
472935
351087
203724
47687.5
0
8503.96
788284
467279
347336
201388
47259.4
0
8537.99
789792
468088
347912
201764
47312.8
0
8698.76
811331
480707
355826
206493
48357
0
8634.55
795394
471192
350023
203102
47537.2
0
8520.87
789033
467681
347622
201575
47285.9
0
8506.05
788377
467329
347372
201411
47262.7
0
8663.77
802646
475521
352664
204645
47910.3
0
8606.5
792826
469717
349071
202521
47420.4
0
8663.61
802606
475498
352650
204637
47908.3
0
8511.35
788612
467455
347461
201470
47271
0
8414.54
784324
465153
345823
200400
47118.9
0
8564.94
790985
468729
348368
202062
47355.2
0
8642.76
797430
472408
350765
203536
47642
0
8548.44
790254
468336
348089
201879
47329.2
0
8629.36
794106
470423
349555
202828
47471
0
8505.37
788347
467312
347360
201403
47261.6
0
8631.42
794617
470728
349741
202937
47497.3
0
8669.45
804055
476363
353177
204945
47982.8
0
8592.92
792225
469394
348842
202371
47399.1
0
8505.27
788342
467310
347358
201402
47261.4
0
8470.66
786809
466487
346773
201020
47207.1
0
8535.21
789669
468022
347865
201733
47308.5
0
8533.09
789575
467971
347829
201710
47305.1
0
8469.54
786760
466461
346754
201007
47205.3
0
8542.87
790008
468204
347995
201818
47320.5
0
8629.03
794022
470373
349524
202811
47466.7
0
8601.08
792586
469588
348980
202461
47411.9
0
8629.26
794081
470408
349545
202823
47469.7
0
8641.48
797115
472219
350650
203468
47625.8
0
8472.12
786874
466522
346797
201036
47209.3
0
8650.63
799384
473574
351476
203951
47742.5
0
8667.78
803641
476116
353026
204857
47961.5
0
8645.79
798183
472857
351039
203696
47680.7
0
8556.98
790633
468539
348233
201974
47342.7
0
8498.97
788063
467160
347252
201333
47251.5
0
8653.35
800059
473977
351722
204095
47777.2
0
8541.4
789942
468169
347970
201802
47318.2
0
8633.86
795222
471089
349961
203066
47528.4
0
8575.92
791472
468990
348554
202183
47372.4
0
8648.24
798792
473221
351261
203825
47712.1
0
8633.73
795189
471070
349949
203059
47526.7
0
8574.52
791410
468956
348530
202168
47370.2
0
8678.35
806265
477682
353982
205415
48096.4
0
8634.41
795358
471170
350010
203095
47535.4
0
8638.07
796267
471713
350342
203288
47582.2
0
8579.15
791615
469067
348609
202219
47377.5
0
8652.51
799851
473853
351646
204051
47766.5
0
8476.49
787067
466626
346871
201084
47216.2
0
8529.56
789418
467887
347769
201671
47299.6
0
8659.79
801658
474932
352304
204435
47859.5
0
8609.7
792968
469793
349126
202556
47425.5
0
8656.47
800834
474440
352004
204260
47817.1
0
8641.75
797179
472258
350674
203482
47629.1
0
8498.76
788054
467155
347248
201330
47251.2
0
8684.94
807901
478659
354577
205763
48180.6
0
8643.5
797614
472517
350832
203575
47651.4
0
8642.84
797450
472420
350772
203540
47643
0
8651.59
799622
473717
351563
204002
47754.8
0
8639.56
796637
471934
350476
203367
47601.2
0
8655.46
800584
474290
351913
204206
47804.2
0
8650.58
799372
473567
351472
203949
47741.9
0
8629.3
794090
470414
349549
202825
47470.2
0
8494.23
787853
467048
347172
201280
47244.1
0
8619.48
793401
470025
349291
202665
47440.8
0
8673.51
805063
476965
353544
205159
48034.6
0
8555.8
790580
468511
348213
201961
47340.8
0
8517.71
788893
467606
347569
201540
47281
0
8586.68
791948
469245
348736
202302
47389.3
0
8640.82
796951
472121
350590
203434
47617.3
0
8635.05
795517
471266
350068
203129
47543.6
0
8649.17
799023
473359
351345
203874
47723.9
0
8629.77
794207
470484
349591
202850
47476.2
0
8540.69
789911
468152
347958
201794
47317.1
0
8662.29
802278
475302
352530
204567
47891.3
0
8564.36
790960
468715
348358
202055
47354.2
0
8616.91
793288
469964
349248
202636
47436.8
0
8674.56
805324
477121
353639
205215
48048
0
8573.38
791359
468929
348511
202155
47368.4
0
8651.97
799716
473773
351597
204022
47759.6
0
8664.78
802897
475672
352755
204699
47923.2
0
8661.43
802066
475175
352453
204522
47880.4
0
8659.4
801562
474874
352269
204414
47854.5
0
8628.62
793921
470312
349487
202789
47461.5
0
8624.72
793633
470150
349380
202722
47449.1
0
8617.73
793324
469984
349261
202645
47438.1
0
8577.42
791538
469025
348579
202200
47374.8
0
8554.48
790522
468480
348191
201946
47338.7
0
8631.61
794664
470756
349758
202947
47499.7
0
8640.43
796854
472064
350555
203413
47612.4
0
8642.67
797408
472394
350757
203531
47640.9
0
8591.68
792170
469364
348821
202357
47397.2
0
8489.18
787629
466928
347086
201224
47236.1
0
8647.3
798557
473080
351175
203775
47700
0
8663.52
802584
475485
352642
204632
47907.1
0
8639.14
796532
471871
350438
203344
47595.8
0
8607.73
792881
469746
349092
202535
47422.4
0
8665.28
803020
475745
352800
204725
47929.5
0
8587.22
791972
469258
348745
202308
47390.2
0
8640.74
796930
472109
350583
203429
47616.3
0
8514.72
788761
467535
347518
201507
47276.3
0
8472.1
786873
466522
346797
201036
47209.3
0
8655.01
800472
474223
351872
204183
47798.4
0
8604.44
792735
469668
349037
202498
47417.2
0
8632.51
794886
470889
349838
202994
47511.1
0
8661.38
802052
475167
352448
204519
47879.7
0
8553.37
790473
468453
348172
201934
47337
0
8578.96
791606
469062
348605
202217
47377.2
0
8595.16
792324
469447
348880
202396
47402.6
0
8679.67
806592
477878
354101
205485
48113.3
0
8614.95
793201
469918
349214
202614
47433.7
0
8531.65
789511
467937
347805
201694
47302.9
0
8629.08
794037
470382
349529
202814
47467.5
0
8631.2
794561
470695
349720
202925
47494.4
0
8631.72
794691
470772
349768
202953
47501.1
0
8623.39
793575
470118
349357
202708
47447
0
8654.44
800330
474139
351821
204152
47791.2
0
8514.52
788752
467530
347515
201505
47276
0
8639.01
796501
471853
350427
203338
47594.2
0
8618.47
793357
470001
349274
202653
47439.2
0
8488.04
787579
466900
347067
201212
47234.3
0
8540.25
789892
468142
347950
201789
47316.4
0
8648.4
798832
473244
351275
203834
47714.1
0
8634.95
795492
471250
350059
203123
47542.3
0
8589.75
792084
469318
348788
202336
47394.1
0
8575.06
791433
468969
348539
202174
47371
0
8585.52
791897
469218
348716
202289
47387.5
0
8510.21
788561
467428
347442
201457
47269.2
0
8636.89
795974
471538
350235
203226
47567.1
0
8629.66
794181
470468
349582
202844
47474.9
0
8604.18
792724
469661
349032
202495
47416.8
0
8409.95
784120
465044
345745
200349
47111.7
0
8496.45
787952
467100
347209
201305
47247.6
0
8663.69
802625
475509
352656
204641
47909.2
0
8663.1
802480
475423
352604
204610
47901.8
0
8469.39
786753
466457
346751
201006
47205.1
0
8646.12
798264
472906
351069
203713
47684.9
0
8633.44
795118
471027
349923
203044
47523.1
0
8637.95
796238
471696
350331
203282
47580.7
0
8630.82
794467
470639
349686
202905
47489.6
0
8640.19
796792
472027
350533
203400
47609.2
0
8650.17
799269
473506
351434
203927
47736.6
0
8650.2
799278
473511
351438
203929
47737
0
8628.36
793856
470274
349464
202775
47458.2
0
8655.19
800516
474250
351888
204192
47800.7
0
8570.13
791215
468852
348456
202119
47363.3
0
8664.21
802755
475587
352704
204668
47915.9
0
8516.12
788823
467568
347542
201522
47278.5
0
8578.5
791586
469051
348598
202212
47376.4
0
8670.4
804292
476505
353263
204995
47995
0
8369.56
782331
464084
345062
199903
47048.2
0
8613.66
793144
469887
349193
202600
47431.7
0
8465.33
786573
466361
346682
200961
47198.7
0
8643.88
797709
472574
350866
203595
47656.4
0
8518.29
788919
467620
347579
201546
47281.9
0
8546.01
790147
468279
348048
201853
47325.4
0
8650.06
799242
473490
351425
203921
47735.2
0
8646.24
798294
472924
351080
203719
47686.5
0
8571.54
791278
468885
348480
202135
47365.5
0
8630.14
794300
470539
349625
202870
47481
0
8659.9
801686
474949
352315
204441
47860.9
0
8570.72
791242
468866
348466
202126
47364.2
0
8600.64
792567
469577
348972
202456
47411.2
0
8588.86
792045
469297
348773
202326
47392.7
0
8537.98
789791
468088
347912
201764
47312.8
0
8659.17
801504
474840
352248
204402
47851.5
0
8672.07
804706
476752
353414
205083
48016.3
0
8604.61
792743
469672
349040
202500
47417.5
0
8675.83
805639
477308
353754
205282
48064.2
0
8633.69
795179
471064
349945
203057
47526.2
0
8673.67
805104
476989
353559
205168
48036.7
0
8509.81
788544
467418
347435
201453
47268.6
0
8518.89
788946
467634
347589
201553
47282.8
0
8648.25
798794
473222
351261
203826
47712.1
0
8641.04
797004
472153
350610
203445
47620.1
0
8632.45
794871
470880
349833
202991
47510.4
0
8661.85
802168
475236
352490
204543
47885.7
0
8546.94
790188
468301
348064
201863
47326.9
0
8567.44
791096
468788
348410
202089
47359.1
0
8540.29
789894
468143
347951
201789
47316.4
0
8524.25
789183
467761
347679
201612
47291.2
0
8624.69
793632
470149
349379
202722
47449
0
8599.36
792510
469547
348951
202442
47409.2
0
8642.88
797461
472426
350776
203542
47643.6
0
8645.46
798102
472809
351010
203679
47676.6
0
8689.5
809033
479335
354989
206004
48238.8
0
8691.18
809449
479583
355141
206092
48260.2
0
8516.47
788838
467576
347548
201526
47279
0
8567.2
791085
468782
348406
202087
47358.7
0
8681.03
806930
478080
354224
205557
48130.7
0
8549.76
790313
468368
348111
201894
47331.3
0
8589.32
792065
469308
348781
202331
47393.5
0
8604.45
792736
469668
349037
202498
47417.2
0
8600.87
792577
469583
348976
202459
47411.6
0
8698.34
811226
480644
355788
206470
48351.6
0
8661.08
801979
475124
352421
204503
47876
0
8651.35
799563
473681
351541
203989
47751.7
0
8677.13
805962
477502
353871
205351
48080.9
0
8648.31
798809
473231
351267
203829
47712.9
0
8689.43
809014
479324
354983
206000
48237.9
0
8638.43
796357
471767
350374
203307
47586.8
0
8652.48
799845
473849
351644
204049
47766.2
0
8424.52
784766
465391
345992
200510
47134.6
0
8632.01
794763
470815
349794
202968
47504.8
0
8387.84
783141
464518
345371
200104
47076.9
0
8635
795505
471259
350064
203126
47543
0
8506.78
788409
467346
347384
201419
47263.8
0
8553.12
790462
468448
348168
201931
47336.6
0
8634.83
795464
471233
350049
203117
47540.8
0
8535.97
789702
468040
347878
201742
47309.7
0
8606.86
792842
469725
349078
202525
47421
0
8666.22
803255
475885
352886
204775
47941.6
0
8618.04
793337
469991
349267
202649
47438.6
0
8596.99
792405
469491
348911
202416
47405.5
0
8663.89
802675
475539
352675
204651
47911.8
0
8470.5
786802
466484
346770
201018
47206.8
0
8506.95
788417
467350
347387
201421
47264.1
0
8557.84
790671
468560
348248
201983
47344
0
8637.8
796200
471673
350317
203274
47578.7
0
8647.07
798501
473047
351155
203763
47697.1
0
8687.81
808612
479084
354836
205914
48217.2
0
8521.4
789057
467694
347631
201581
47286.8
0
8672.13
804720
476760
353419
205086
48017
0
8566.51
791055
468766
348395
202079
47357.6
0
8617.15
793298
469970
349252
202639
47437.2
0
8614.26
793170
469901
349203
202607
47432.6
0
8667.26
803513
476039
352980
204830
47954.9
0
8646.39
798331
472945
351093
203727
47688.3
0
8395.51
783481
464701
345501
200189
47089
0
8644.65
797901
472689
350936
203636
47666.2
0
8663.62
802608
475499
352650
204637
47908.3
0
8637.34
796085
471604
350275
203249
47572.8
0
8507.94
788461
467374
347404
201432
47265.6
0
8641.4
797094
472207
350642
203464
47624.7
0
8666.61
803350
475942
352920
204795
47946.5
0
8571.47
791275
468884
348479
202134
47365.4
0
8544.85
790095
468251
348028
201840
47323.6
0
8605.38
792777
469690
349052
202509
47418.7
0
8623.04
793559
470110
349351
202704
47446.4
0
8628.73
793949
470329
349497
202795
47462.9
0
8641.18
797040
472174
350623
203452
47621.9
0
8531.33
789497
467930
347799
201690
47302.4
0
8633.99
795254
471108
349972
203073
47530.1
0
8626.41
793708
470190
349408
202741
47451.7
0
8651.83
799682
473752
351585
204015
47757.8
0
8677.94
806164
477622
353945
205393
48091.2
0
8545.32
790116
468262
348036
201845
47324.3
0
8580.28
791665
469093
348628
202231
47379.3
0
8516.36
788833
467574
347546
201525
47278.8
0
8553.41
790475
468455
348173
201934
47337
0
8574.75
791420
468962
348534
202170
47370.6
0
8661.69
802131
475214
352476
204536
47883.8
0
8596.83
792398
469487
348908
202414
47405.2
0
8562.08
790859
468661
348320
202030
47350.7
0
8635.05
795518
471266
350069
203129
47543.6
0
8665.26
803015
475742
352798
204724
47929.3
0
8591
792139
469348
348809
202350
47396.1
0
8450.59
785920
466010
346433
200798
47175.5
0
8402.24
783778
464861
345615
200264
47099.6
0
8546.75
790180
468296
348060
201861
47326.6
0
8662.37
802298
475314
352537
204571
47892.4
0
8687.04
808421
478970
354767
205874
48207.4
0
8625.96
793688
470179
349401
202736
47451
0
8674.5
805310
477112
353634
205212
48047.3
0
8552.95
790454
468444
348165
201929
47336.3
0
8655.13
800502
474241
351883
204189
47800
0
8610.26
792993
469806
349135
202563
47426.3
0
8505.43
788349
467314
347361
201404
47261.7
0
8614.6
793185
469909
349209
202611
47433.2
0
8498.32
788034
467145
347241
201325
47250.5
0
8461.95
786423
466280
346625
200924
47193.4
0
8611.85
793063
469844
349162
202580
47428.8
0
8657.38
801060
474575
352086
204308
47828.7
0
8630.57
794406
470602
349664
202892
47486.5
0
8669.43
804051
476361
353176
204944
47982.6
0
8507.23
788429
467357
347392
201424
47264.5
0
8639.87
796713
471979
350504
203383
47605.1
0
8660.54
801845
475043
352372
204475
47869.1
0
8634.35
795344
471162
350005
203092
47534.7
0
8651.09
799499
473643
351518
203976
47748.4
0
8629.35
794103
470421
349553
202828
47470.8
0
8570.34
791225
468857
348460
202121
47363.6
0
8692.22
809707
479738
355235
206147
48273.5
0
8618.39
793353
469999
349273
202652
47439.1
0
8633.21
795061
470993
349902
203032
47520.1
0
8648.04
798741
473190
351242
203814
47709.4
0
8510.57
788577
467436
347448
201461
47269.7
0
8632.77
794952
470928
349862
203008
47514.5
0
8674.19
805233
477066
353606
205195
48043.4
0
8494.04
787845
467043
347168
201278
47243.8
0
8672.37
804779
476795
353441
205099
48020
0
8503.35
788257
467264
347326
201381
47258.4
0
8584.63
791858
469197
348701
202279
47386.1
0
8510.95
788594
467445
347455
201465
47270.3
0
8645.87
798203
472869
351046
203700
47681.7
0
8632.23
794817
470848
349814
202980
47507.6
0
8662.74
802390
475369
352571
204591
47897.1
0
8652.89
799946
473910
351681
204071
47771.4
0
8666.48
803317
475922
352908
204788
47944.8
0
8477.12
787095
466641
346882
201091
47217.2
0
8618.84
793373
470010
349280
202657
47439.8
0
8513.1
788689
467496
347491
201489
47273.7
0
8635.74
795688
471368
350131
203165
47552.4
0
8644.31
797816
472638
350905
203618
47661.9
0
8686.93
808393
478953
354756
205868
48205.9
0
8624.34
793617
470141
349373
202718
47448.5
0
8668.92
803923
476284
353129
204917
47976
0
8581.38
791714
469119
348646
202243
47381
0
8529.67
789423
467890
347771
201672
47299.7
0
8644.71
797916
472697
350942
203639
47667
0
8681.47
807039
478145
354264
205580
48136.3
0
8576.18
791483
468996
348558
202186
47372.8
0
8654.3
800295
474118
351808
204145
47789.4
0
8641.36
797083
472200
350638
203462
47624.1
0
8634.47
795372
471179
350016
203098
47536.2
0
8654.62
800375
474166
351837
204162
47793.5
0
8700.32
811718
480938
355967
206575
48376.9
0
8640.87
796962
472128
350594
203436
47617.9
0
8542.23
789979
468189
347984
201811
47319.5
0
8531.84
789519
467942
347808
201696
47303.2
0
8634.84
795465
471235
350049
203118
47540.9
0
8676.59
805828
477421
353822
205322
48073.9
0
8586.66
791948
469245
348736
202302
47389.3
0
8626.83
793727
470200
349415
202746
47452.4
0
8643.21
797543
472475
350806
203560
47647.8
0
8573.61
791369
468935
348515
202158
47368.8
0
8647.96
798722
473179
351235
203810
47708.4
0
8659.41
801564
474876
352270
204415
47854.6
0
8578.59
791590
469053
348599
202213
47376.6
0
8413.46
784275
465128
345805
200388
47117.2
0
8546.57
790172
468292
348057
201859
47326.3
0
8661.73
802140
475220
352480
204538
47884.3
0
8638.27
796317
471743
350359
203299
47584.7
0
8643.02
797496
472447
350789
203550
47645.4
0
8652.09
799747
473791
351609
204029
47761.2
0
8670.47
804309
476514
353269
204999
47995.8
0
8600.99
792582
469585
348978
202460
47411.8
