0
8588.18
784479
464857
345289
200200
47002.6
0
8586.36
784053
464611
345099
200083
46981.9
0
8620.7
792065
469238
348671
202287
47371
0
8717.02
804191
476733
354698
205738
48185.4
0
8692.75
801351
474958
353262
204926
47985.9
0
8589.19
784714
464992
345394
200265
47014
0
8689.29
800947
474706
353058
204810
47957.5
0
8605.19
788447
467148
347058
201292
47195.3
0
8762.82
809550
480081
357406
207272
48561.7
0
8603.2
787983
466880
346851
201164
47172.7
0
8633.26
794390
470609
349744
202934
47497.1
0
8662.12
797767
472719
351451
203900
47734.2
0
8711.59
803555
476336
354377
205556
48140.7
0
8673.89
799144
473580
352147
204294
47831
0
8613.41
790364
468255
347913
201819
47288.4
0
8699.02
802085
475417
353633
205135
48037.4
0
8752.59
808353
479334
356802
206929
48477.7
0
8657.37
797211
472372
351170
203741
47695.2
0
8696.53
801793
475235
353486
205052
48017
0
8740.77
806970
478469
356102
206534
48380.6
0
8638.74
795032
471010
350068
203117
47542.1
0
8564.5
778953
461665
342826
198680
46734.2
0
8710.71
803453
476272
354325
205527
48133.6
0
8666.98
798336
473075
351738
204063
47774.2
0
8569.09
780025
462285
343304
198975
46786.3
0
8699.9
802187
475481
353685
205165
48044.7
0
8602.46
787810
466781
346774
201117
47164.3
0
8661.21
797660
472653
351397
203869
47726.7
0
8657.88
797271
472409
351200
203758
47699.4
0
8786.97
812377
481847
358835
208081
48760.2
0
8607.19
788914
467418
347266
201420
47217.9
0
8652.11
796595
471987
350859
203565
47652
0
8601.8
787657
466692
346706
201075
47156.9
0
8641.82
795392
471235
350250
203220
47567.4
0
8609.01
789338
467663
347456
201537
47238.5
0
8686.11
800574
474473
352870
204703
47931.4
0
8579.35
782418
463666
344370
199633
46902.5
0
8669.58
798640
473265
351892
204150
47795.5
0
8670.51
798749
473333
351947
204181
47803.2
0
8607.53
788992
467463
347301
201442
47221.7
0
8624.6
792976
469764
349077
202538
47415.2
0
8678.64
799700
473927
352428
204453
47870
0
8626.91
793514
470075
349317
202686
47441.3
0
8719.6
804492
476921
354850
205824
48206.5
0
8586.83
784162
464674
345148
200113
46987.2
0
8662.85
797853
472773
351494
203924
47740.3
0
8606.21
788686
467286
347165
201358
47206.9
0
8745.08
807475
478784
356357
206678
48416
0
8603.95
788159
466982
346930
201213
47181.3
0
8708.61
803207
476118
354200
205457
48116.3
0
8636.25
794740
470828
349921
203034
47521.7
0
8678.35
799666
473906
352411
204443
47867.6
0
8654.44
796869
472158
350997
203643
47671.2
0
8662.06
797761
472715
351448
203898
47733.8
0
8607.74
789042
467492
347324
201456
47224.2
0
8682.23
800120
474190
352640
204573
47899.5
0
8673.05
799047
473519
352098
204266
47824.1
0
8665.49
798162
472966
351650
204013
47762
0
8646.29
795915
471562
350515
203370
47604.2
0
8573.84
781132
462924
343797
199280
46840
0
8580.18
782610
463778
344456
199686
46911.8
0
8645.99
795880
471540
350497
203360
47601.7
0
8690.11
801042
474765
353106
204837
47964.2
0
8611.63
789948
468015
347727
201705
47268.2
0
8656.92
797159
472339
351143
203726
47691.5
0
8596.61
786445
465992
346166
200741
47098.1
0
8696.03
801734
475198
353456
205035
48012.9
0
8583.35
783350
464205
344786
199890
46947.8
0
8718.4
804353
476834
354780
205785
48196.8
0
8724.39
805054
477272
355134
205985
48246
0
8610.28
789635
467835
347588
201619
47253
0
8653.93
796809
472121
350967
203626
47666.9
0
8573.28
781002
462849
343739
199244
46833.7
0
8640.88
795282
471167
350195
203189
47559.7
0
8682.36
800135
474199
352648
204578
47900.5
0
8619.85
791867
469123
348583
202233
47361.3
0
8626.92
793517
470077
349319
202687
47441.5
0
8590.79
785087
465208
345560
200368
47032.1
0
8608.05
789114
467534
347356
201475
47227.7
0
8783.65
811987
481604
358638
207969
48732.9
0
8631.72
794209
470497
349653
202882
47484.4
0
8589.95
784891
465095
345473
200314
47022.6
0
8605.02
788407
467126
347041
201281
47193.3
0
8633.45
794412
470623
349755
202940
47498.6
0
8612.62
790181
468150
347831
201769
47279.5
0
8675.26
799304
473680
352228
204340
47842.2
0
8656.56
797116
472313
351122
203714
47688.5
0
8618.76
791612
468976
348469
202163
47349
0
8723.63
804965
477216
355089
205960
48239.7
0
8634.6
794548
470708
349824
202979
47508.1
0
8619.86
791870
469126
348584
202234
47361.5
0
8576.58
781771
463293
344082
199455
46871.1
0
8620.75
792078
469245
348677
202291
47371.6
0
8598.49
786884
466246
346361
200862
47119.4
0
8678.82
799721
473940
352439
204459
47871.5
0
8593.17
785643
465529
345808
200521
47059.1
0
8619.6
791808
469089
348557
202217
47358.5
0
8613.35
790352
468248
347907
201816
47287.8
0
8612.48
790146
468130
347816
201759
47277.8
0
8617.71
791367
468835
348360
202095
47337.1
0
8595.07
786085
465784
346005
200642
47080.6
0
8651.33
796504
471930
350813
203539
47645.6
0
8615.58
790870
468548
348139
201959
47313
0
8603.8
788122
466961
346913
201202
47179.5
0
8651.08
796476
471912
350798
203530
47643.5
0
8627.56
793667
470163
349385
202728
47448.7
0
8645.1
795776
471475
350445
203330
47594.4
0
8604.44
788271
467047
346980
201244
47186.7
0
8606.87
788839
467375
347233
201400
47214.3
0
8678.28
799658
473901
352407
204441
47867.1
0
8627.02
793539
470089
349328
202693
47442.6
0
8616.81
791158
468714
348267
202038
47326.9
0
8644.36
795689
471421
350400
203305
47588.3
0
8651.13
796482
471916
350801
203532
47644
0
8608.07
789119
467537
347358
201477
47227.9
0
8672.88
799027
473506
352088
204260
47822.7
0
8763
809571
480094
357417
207278
48563.2
0
8613.05
790281
468207
347876
201796
47284.3
0
8667.85
798438
473138
351790
204092
47781.3
0
8600.01
787239
466451
346520
200960
47136.6
0
8670.1
798701
473303
351923
204167
47799.8
0
8728.94
805586
477604
355403
206137
48283.3
0
8647.16
796017
471626
350566
203399
47611.3
0
8635.17
794613
470749
349857
202997
47512.7
0
8702.8
802527
475693
353857
205262
48068.5
0
8732.63
806018
477874
355621
206261
48313.7
0
8756.55
808816
479622
357035
207062
48510.2
0
8573.95
781159
462939
343809
199287
46841.3
0
8640.08
795189
471108
350148
203162
47553.2
0
8611.96
790026
468060
347762
201726
47271.9
0
8607.98
789098
467525
347349
201471
47226.9
0
8618.21
791484
468903
348412
202127
47342.8
0
8614.5
790618
468403
348026
201889
47300.7
0
8608.57
789235
467603
347409
201509
47233.5
0
8702.58
802502
475678
353844
205255
48066.8
0
8651.71
796549
471959
350835
203551
47648.7
0
8667.57
798405
473118
351773
204083
47779
0
8742.1
807125
478566
356181
206578
48391.4
0
8705.43
802835
475886
354012
205350
48090.2
0
8729.95
805704
477678
355463
206171
48291.7
0
8607.57
789002
467469
347306
201445
47222.2
0
8687.3
800713
474560
352940
204743
47941.1
0
8617.15
791237
468760
348302
202059
47330.7
0
8645.37
795807
471495
350460
203339
47596.6
0
8739.18
806784
478353
356008
206480
48367.5
0
8619.74
791842
469109
348572
202226
47360.1
0
8627.58
793671
470166
349387
202729
47449
0
8570.37
780322
462456
343436
199057
46800.7
0
8603.3
788006
466894
346862
201171
47173.9
0
8612.78
790218
468171
347848
201779
47281.3
0
8626.03
793309
469956
349226
202629
47431.4
0
8577.16
781906
463371
344142
199493
46877.6
0
8648.39
796161
471716
350639
203440
47621.4
0
8624.73
793006
469782
349091
202546
47416.7
0
8658.11
797298
472426
351214
203766
47701.3
0
8617.2
791248
468766
348307
202062
47331.3
0
8612.78
790219
468172
347848
201779
47281.3
0
8623.68
792761
469640
348981
202479
47404.7
0
8620.04
791912
469150
348603
202245
47363.6
0
8574.2
781217
462973
343835
199303
46844.2
0
8707.75
803106
476055
354149
205428
48109.2
0
8603.35
788016
466900
346866
201173
47174.4
0
8620.47
792012
469207
348648
202273
47368.4
0
8647.27
796030
471634
350573
203403
47612.2
0
8599.55
787132
466389
346472
200930
47131.4
0
8630.09
794019
470378
349556
202827
47471
0
8584.41
783598
464348
344897
199958
46959.8
0
8606.76
788812
467359
347221
201392
47213
0
8613.25
790326
468234
347896
201809
47286.5
0
8580.04
782580
463760
344442
199678
46910.3
0
8688.61
800867
474656
353018
204787
47951.9
0
8639.09
795072
471035
350089
203129
47545
0
8637.11
794841
470891
349972
203063
47528.7
0
8689.98
801027
474756
353099
204833
47963.2
0
8613.34
790348
468246
347906
201815
47287.6
0
8618.39
791527
468927
348431
202139
47344.8
0
8615.26
790795
468505
348105
201938
47309.3
0
8745.67
807543
478827
356392
206697
48420.8
0
8635.48
794650
470772
349875
203008
47515.3
0
8557.18
777245
460679
342064
198210
46651.3
0
8611.43
789902
467989
347707
201692
47265.9
0
8615.01
790738
468471
348079
201922
47306.5
0
8598.45
786875
466240
346357
200859
47118.9
0
8615.11
790762
468485
348090
201929
47307.7
0
8721.45
804709
477057
354960
205887
48221.8
0
8616.81
791158
468714
348267
202038
47326.9
0
8641.74
795382
471229
350246
203217
47566.7
0
8655.86
797035
472262
351081
203690
47682.8
0
8591.57
785270
465314
345642
200418
47041
0
8754.08
808528
479443
356890
206979
48490
0
8572.31
780775
462718
343638
199181
46822.7
0
8601.39
787559
466636
346662
201048
47152.2
0
8614.29
790569
468374
348004
201876
47298.3
0
8603.59
788074
466933
346892
201189
47177.1
0
8610.19
789612
467822
347578
201613
47251.9
0
8627.52
793656
470157
349381
202725
47448.2
0
8683.91
800317
474312
352740
204630
47913.3
0
8626.47
793411
470015
349271
202657
47436.3
0
8591.65
785288
465324
345650
200423
47041.8
0
8662.19
797776
472725
351455
203902
47734.8
0
8698.12
801980
475351
353580
205106
48030.1
0
8659.08
797411
472497
351271
203798
47709.2
0
8609.45
789440
467722
347501
201565
47243.5
0
8578.41
782200
463540
344273
199573
46891.9
0
8616.31
791042
468647
348215
202006
47321.3
0
8691.61
801218
474876
353195
204888
47976.6
0
8639.77
795152
471086
350129
203152
47550.6
0
8610.94
789789
467924
347657
201661
47260.5
0
8629.5
793950
470334
349521
202808
47466.1
0
8610.78
789751
467902
347640
201651
47258.6
0
8595.73
786239
465873
346074
200684
47088
0
8642.8
795507
471307
350309
203253
47575.5
0
8592.67
785525
465461
345756
200488
47053.4
0
8631.06
794133
470449
349614
202860
47479
0
8609.06
789349
467669
347460
201540
47239.1
0
8614.37
790588
468385
348013
201881
47299.2
0
8568.36
779854
462186
343227
198928
46778
0
8624.83
793028
469794
349101
202552
47417.7
0
8660.61
797591
472609
351362
203849
47721.8
0
8641.66
795373
471224
350241
203215
47566.1
0
8710.17
803390
476232
354293
205509
48129.1
0
8608.55
789230
467601
347407
201507
47233.3
0
8710.19
803392
476234
354294
205510
48129.3
0
8615.69
790896
468563
348150
201966
47314.2
0
8661.59
797706
472681
351420
203882
47729.9
0
8636.61
794783
470855
349942
203046
47524.6
0
8694.04
801502
475053
353339
204969
47996.5
0
8602.46
787809
466780
346774
201116
47164.3
0
8631.65
794202
470492
349649
202880
47483.8
0
8649.57
796299
471802
350709
203480
47631.1
0
8615.88
790942
468589
348170
201978
47316.4
0
8684.49
800384
474354
352774
204649
47918
0
8622.8
792555
469521
348889
202422
47394.7
0
8686.64
800636
474512
352901
204721
47935.7
0
8657.74
797255
472399
351192
203753
47698.3
0
8626.35
793382
469999
349259
202650
47434.9
0
8605.61
788546
467205
347102
201319
47200.1
0
8654.78
796909
472183
351017
203654
47674
0
8605.2
788449
467149
347059
201292
47195.3
0
8624.55
792963
469757
349072
202534
47414.6
0
8625.73
793239
469916
349194
202610
47428
0
8575.62
781548
463164
343983
199394
46860.3
0
8600.95
787457
466577
346617
201020
47147.2
0
8705.69
802865
475905
354028
205359
48092.3
0
8620.12
791929
469159
348611
202250
47364.4
0
8627.74
793708
470187
349404
202739
47450.8
0
8651.66
796543
471954
350832
203550
47648.2
0
8636.76
794800
470866
349951
203051
47525.9
0
8628.5
793833
470262
349463
202774
47458
0
8695.29
801649
475145
353413
205011
48006.8
0
8661.73
797721
472691
351428
203887
47731
0
8598.05
786782
466187
346316
200834
47114.4
0
8618.99
791667
469008
348494
202178
47351.6
0
8625.34
793149
469864
349154
202585
47423.6
0
8666.8
798314
473061
351728
204057
47772.7
0
8625.99
793299
469951
349221
202627
47430.9
0
8597.24
786593
466078
346232
200782
47105.2
0
8589.13
784700
464984
345388
200261
47013.3
0
8758.6
809056
479773
357157
207131
48527.1
0
8617.8
791389
468847
348370
202101
47338.1
0
8662.16
797772
472723
351454
203901
47734.6
0
8616.58
791104
468683
348243
202023
47324.3
0
8584.36
783588
464342
344892
199955
46959.3
0
8617.57
791336
468817
348346
202087
47335.5
0
8627.92
793750
470211
349423
202751
47452.8
0
8621.52
792256
469348
348756
202340
47380.2
0
8607.41
788964
467447
347289
201434
47220.4
0
8643.94
795640
471390
350376
203291
47584.9
0
8797.43
813600
482612
359454
208431
48846.2
0
8665.33
798143
472954
351641
204007
47760.6
0
8771.3
810542
480701
357908
207556
48631.4
0
8618.79
791621
468981
348473
202165
47349.4
0
8652.58
796651
472022
350887
203580
47655.8
0
8579.88
782542
463738
344426
199667
46908.5
0
8640.58
795247
471145
350177
203179
47557.2
0
8626.83
793495
470064
349309
202681
47440.4
0
8660.54
797582
472604
351357
203847
47721.2
0
8713.09
803731
476445
354465
205607
48153.1
0
8612.74
790208
468166
347843
201776
47280.8
0
8622.87
792571
469530
348897
202427
47395.6
0
8599.26
787062
466349
346441
200911
47128
0
8609.6
789474
467742
347516
201575
47245.2
0
8682.96
800205
474243
352683
204598
47905.5
0
8651.81
796560
471966
350841
203555
47649.5
0
8669.2
798595
473237
351869
204137
47792.4
0
8619.77
791849
469113
348575
202228
47360.5
0
8649.55
796297
471801
350708
203479
47631
0
8706.36
802943
475953
354067
205381
48097.7
0
8667.97
798452
473147
351797
204096
47782.3
0
8656.48
797107
472307
351118
203711
47687.9
0
8583.13
783299
464176
344763
199876
46945.3
0
8659.69
797483
472542
351307
203819
47714.3
0
8793.75
813169
482342
359236
208308
48815.9
0
8622.04
792377
469418
348810
202373
47386.1
0
8717.38
804233
476759
354719
205750
48188.3
0
8610.45
789674
467857
347605
201629
47254.8
0
8573.12
780963
462827
343722
199233
46831.8
0
8627.12
793564
470103
349339
202699
47443.7
0
8702.03
802437
475637
353811
205236
48062.2
0
8588.02
784441
464835
345272
200190
47000.7
0
8736.06
806419
478125
355824
206376
48341.9
0
8613.71
790434
468296
347944
201838
47291.7
0
8633.66
794437
470639
349768
202947
47500.4
0
8625.19
793114
469844
349139
202576
47421.9
0
8607.64
789018
467478
347313
201449
47223
0
8654.47
796872
472160
350999
203644
47671.4
0
8625.69
793228
469910
349190
202607
47427.5
0
8608.93
789320
467653
347448
201532
47237.7
0
8610.36
789654
467845
347596
201624
47253.9
0
8573.2
780984
462838
343731
199239
46832.8
0
8661.28
797669
472658
351401
203872
47727.3
0
8626.54
793428
470025
349279
202662
47437.1
0
8701.59
802385
475605
353785
205221
48058.6
0
8614.11
790527
468350
347985
201864
47296.3
0
8592.44
785471
465430
345731
200473
47050.7
0
8608.89
789311
467647
347443
201530
47237.2
0
8672.83
799020
473502
352084
204258
47822.2
0
8622.47
792478
469476
348855
202401
47391
0
8640.32
795216
471125
350161
203170
47555.1
0
8623.59
792740
469628
348972
202473
47403.7
0
8589.21
784719
464996
345396
200267
47014.2
0
8583.86
783471
464275
344840
199923
46953.6
0
8623.14
792634
469567
348925
202444
47398.6
0
8680.98
799974
474098
352567
204532
47889.2
0
8737.16
806547
478205
355889
206413
48350.9
0
8623.79
792787
469655
348993
202486
47406
0
8641.35
795337
471201
350223
203205
47563.6
0
8609.08
789354
467672
347463
201541
47239.3
0
8689.3
800948
474707
353059
204810
47957.6
0
8598.2
786815
466206
346331
200843
47116
0
8629.87
793993
470362
349544
202820
47469.2
0
8624.88
793041
469801
349106
202556
47418.3
0
8629.33
793930
470322
349512
202802
47464.8
0
8689.8
801006
474743
353088
204827
47961.7
0
8619.04
791679
469015
348499
202181
47352.2
0
8598.55
786898
466254
346368
200866
47120
0
8722.52
804835
477135
355023
205922
48230.6
0
8649.41
796280
471791
350700
203475
47629.8
0
8606.65
788786
467344
347209
201385
47211.7
0
8787.18
812401
481862
358847
208088
48762
0
8620.19
791946
469169
348618
202255
47365.2
0
8616.59
791107
468685
348244
202024
47324.5
0
8598.57
786901
466256
346369
200867
47120.2
0
8587.88
784407
464815
345257
200181
46999.1
0
8654.36
796859
472152
350992
203640
47670.4
0
8658.86
797385
472481
351258
203791
47707.4
0
8575.22
781455
463110
343941
199368
46855.7
0
8635.19
794616
470751
349858
202998
47512.9
0
8613.58
790403
468278
347930
201830
47290.3
0
8626.87
793504
470069
349313
202683
47440.9
0
8618.09
791455
468886
348399
202120
47341.4
0
8721.38
804702
477052
354956
205884
48221.2
0
8610.78
789751
467902
347640
201651
47258.6
0
8670.76
798778
473351
351962
204189
47805.2
0
8601.49
787583
466650
346673
201054
47153.3
0
8598.83
786963
466292
346397
200884
47123.2
0
8649.23
796259
471777
350689
203469
47628.4
0
8610.16
789606
467818
347575
201611
47251.6
0
8702.36
802476
475661
353831
205247
48064.9
0
8713.83
803818
476500
354509
205632
48159.2
0
8774.73
810944
480952
358111
207671
48659.6
0
8568.84
779966
462251
343277
198959
46783.4
0
8585.56
783866
464503
345016
200032
46972.8
0
8745.98
807580
478850
356411
206708
48423.4
0
8695.86
801715
475186
353446
205030
48011.5
0
8653.22
796726
472069
350925
203602
47661.1
0
8628.87
793877
470289
349485
202787
47461
0
8660.45
797571
472597
351352
203844
47720.5
0
8674.84
799256
473649
352203
204326
47838.8
0
8664.83
798085
472918
351611
203991
47756.5
0
8699.47
802137
475450
353660
205151
48041.1
0
8610.06
789584
467805
347565
201605
47250.5
0
8696.44
801783
475228
353481
205049
48016.3
0
8594.23
785890
465672
345918
200588
47071.1
0
8690.95
801141
474827
353156
204865
47971.2
0
8703.88
802654
475773
353921
205298
48077.4
0
8633.48
794416
470626
349757
202941
47498.9
0
8597.05
786548
466052
346211
200769
47103
0
8656.5
797110
472309
351119
203712
47688.1
0
8614.67
790659
468426
348044
201900
47302.7
0
8592.81
785557
465480
345770
200497
47054.9
0
8710.95
803480
476289
354339
205535
48135.5
0
8688.09
800806
474618
352987
204770
47947.7
0
8652.06
796590
471984
350856
203563
47651.6
0
8682.05
800099
474176
352630
204567
47898
0
8672.25
798952
473460
352050
204239
47817.5
0
8657.17
797188
472358
351158
203734
47693.6
0
8590.01
784905
465103
345479
200318
47023.3
0
8604.26
788230
467023
346962
201232
47184.7
0
8626.57
793435
470029
349282
202664
47437.5
0
8667.87
798440
473140
351791
204093
47781.5
0
8586.56
784100
464638
345120
200096
46984.2
0
8694.89
801601
475115
353389
204997
48003.5
0
8755.38
808680
479537
356967
207023
48500.6
0
8701.54
802380
475601
353782
205220
48058.2
0
8654.03
796821
472128
350973
203629
47667.8
0
8622.08
792388
469425
348815
202376
47386.7
0
8701.55
802381
475602
353783
205220
48058.3
0
8703.76
802639
475763
353914
205294
48076.4
0
8663.33
797908
472808
351522
203940
47744.1
0
8715.28
803987
476606
354595
205680
48171.1
0
8584.41
783598
464348
344896
199958
46959.8
0
8774.28
810891
480919
358084
207655
48655.9
0
8594.23
785889
465671
345918
200588
47071
0
8732.57
806011
477870
355617
206259
48313.2
0
8690.51
801089
474795
353130
204851
47967.6
0
8680.2
799882
474041
352520
204505
47882.8
0
8603.7
788099
466948
346903
201196
47178.4
0
8620.17
791942
469167
348616
202253
47365
0
8638.66
795022
471004
350063
203114
47541.4
0
8703.09
802561
475714
353874
205272
48070.9
0
8641.31
795332
471198
350220
203203
47563.2
0
8633.29
794393
470612
349746
202935
47497.3
0
8664.79
798080
472915
351609
203989
47756.2
0
8581.43
782903
463947
344586
199767
46926
0
8669.51
798632
473260
351888
204148
47795
0
8607.32
788945
467436
347280
201429
47219.4
0
8602.32
787778
466762
346760
201108
47162.8
0
8653.78
796791
472110
350958
203621
47665.7
0
8637.78
794919
470940
350011
203085
47534.2
0
8741.79
807090
478544
356163
206568
48388.9
0
8625.56
793199
469893
349177
202599
47426.1
0
8596.58
786437
465988
346162
200739
47097.7
0
8626.44
793404
470011
349268
202656
47436
0
8610.19
789614
467822
347579
201613
47251.9
0
8630.02
794011
470373
349553
202825
47470.5
0
8600.45
787341
466510
346565
200988
47141.6
0
8592.39
785461
465424
345727
200470
47050.3
0
8664.64
798062
472904
351600
203984
47755
0
8624.78
793017
469788
349096
202549
47417.2
0
8678.48
799682
473916
352419
204448
47868.7
0
8678.53
799687
473919
352421
204449
47869.1
0
8601.73
787639
466682
346698
201070
47156
0
8605.17
788442
467145
347056
201290
47195
0
8605.99
788632
467255
347141
201343
47204.3
0
8615.78
790918
468576
348160
201972
47315.3
0
8623.62
792747
469632
348975
202475
47404.1
0
8624.98
793064
469815
349116
202562
47419.5
0
8765.09
809816
480247
357541
207348
48580.4
0
8612.17
790076
468089
347785
201740
47274.4
0
8610.63
789715
467881
347624
201641
47256.9
0
8592.86
785569
465486
345775
200500
47055.5
0
8621.29
792204
469318
348733
202325
47377.7
0
8716.69
804153
476709
354678
205727
48182.7
0
8601.63
787616
466668
346688
201063
47154.9
0
8622.82
792559
469523
348892
202423
47395
0
8711.07
803495
476298
354346
205539
48136.5
0
8708.84
803234
476135
354214
205464
48118.2
0
8606.34
788714
467303
347177
201365
47208.2
0
8631.79
794218
470502
349657
202884
47485
0
8628.47
793829
470259
349461
202773
47457.7
0
8719.22
804449
476894
354828
205812
48203.5
0
8623.6
792743
469630
348973
202474
47403.9
0
8762.54
809517
480060
357390
207262
48559.4
0
8637.43
794879
470915
349991
203073
47531.4
0
8746.6
807652
478896
356447
206729
48428.5
0
8592.74
785543
465471
345764
200493
47054.2
0
8701.64
802392
475609
353788
205223
48059
0
8591.85
785335
465351
345671
200436
47044.1
0
8738.55
806710
478307
355971
206459
48362.3
0
8618.69
791597
468968
348463
202159
47348.3
0
8592.14
785403
465390
345701
200454
47047.4
0
8646.29
795915
471562
350515
203370
47604.2
0
8645.66
795841
471516
350478
203349
47599
0
8608.64
789253
467614
347417
201514
47234.4
0
8619.09
791690
469022
348504
202184
47352.8
0
8672.63
798997
473488
352073
204252
47820.6
0
8616.86
791170
468721
348272
202041
47327.5
0
8589.66
784822
465055
345442
200295
47019.2
0
8569.37
780090
462322
343333
198993
46789.4
0
8666.49
798278
473039
351709
204046
47770.1
0
8618.63
791582
468959
348456
202154
47347.5
0
8639.08
795072
471035
350089
203129
47544.9
0
8664.16
798006
472869
351572
203968
47751
0
8722.04
804779
477100
354995
205906
48226.6
0
8646.14
795897
471551
350506
203365
47602.9
0
8605.86
788602
467238
347128
201335
47202.8
0
8604.06
788183
466996
346940
201219
47182.4
0
8603.07
787951
466862
346837
201156
47171.2
0
8591.9
785346
465358
345676
200439
47044.7
0
8619.78
791851
469115
348576
202228
47360.6
0
8655.42
796984
472230
351055
203676
47679.2
0
8675.66
799351
473709
352252
204353
47845.5
0
8600.82
787426
466559
346603
201011
47145.7
0
8648.79
796208
471745
350663
203454
47624.7
0
8656.42
797100
472302
351114
203709
47687.4
0
8702.65
802509
475682
353848
205257
48067.3
0
8776.37
811135
481072
358208
207726
48673.1
0
8619.66
791823
469098
348563
202221
47359.2
0
8626.2
793348
469979
349243
202640
47433.3
0
8613.52
790389
468270
347924
201826
47289.6
0
8622.13
792398
469430
348820
202379
47387.2
0
8685.29
800479
474413
352821
204676
47924.7
0
8645.96
795877
471538
350495
203359
47601.5
0
8680.5
799917
474063
352538
204515
47885.2
0
8669.76
798661
473278
351903
204156
47797
0
8573
780937
462811
343710
199226
46830.6
0
8581.98
783031
464021
344644
199802
46932.3
0
8631.62
794198
470490
349647
202879
47483.6
0
8633.77
794450
470647
349775
202951
47501.3
0
8630.86
794109
470434
349602
202853
47477.3
0
8587.15
784238
464718
345182
200134
46990.9
0
8625.94
793288
469944
349216
202624
47430.3
0
8603.52
788058
466924
346885
201185
47176.4
0
8620.87
792105
469261
348689
202298
47372.9
0
8698.97
802079
475413
353630
205134
48037
0
8617.34
791281
468785
348322
202072
47332.9
0
8711.99
803603
476366
354401
205570
48144.1
0
8619.2
791715
469036
348515
202191
47354
0
8603.18
787977
466877
346849
201163
47172.4
0
8692.69
801344
474954
353259
204924
47985.5
0
8651.04
796471
471910
350796
203529
47643.2
0
8702.14
802450
475645
353818
205240
48063.1
0
8632.05
794249
470521
349673
202893
47487.1
0
8654.58
796884
472168
351005
203647
47672.2
0
8626.87
793505
470070
349313
202683
47440.9
0
8624.56
792966
469758
349073
202535
47414.7
0
8695.2
801638
475138
353407
205008
48006.1
0
8676.64
799466
473781
352310
204386
47853.6
0
8659.21
797427
472507
351279
203803
47710.4
0
8618.7
791599
468969
348463
202159
47348.3
0
8605.93
788620
467248
347135
201339
47203.7
0
8691.62
801219
474876
353196
204888
47976.7
0
8593.54
785728
465578
345846
200544
47063.2
0
8619.81
791857
469118
348578
202230
47360.9
0
8585.9
783947
464550
345052
200054
46976.7
0
8625.32
793143
469861
349152
202584
47423.3
0
8585.69
783898
464521
345030
200041
46974.4
0
8639.24
795090
471047
350098
203134
47546.3
0
8596.9
786513
466032
346196
200760
47101.3
0
8643.81
795625
471381
350368
203287
47583.8
0
8641.86
795396
471238
350253
203221
47567.7
0
8598.91
786981
466302
346405
200889
47124.1
0
8668.44
798506
473181
351824
204111
47786.1
0
8654.31
796853
472148
350989
203638
47670
0
8607.78
789050
467497
347327
201458
47224.5
0
8611.45
789908
467992
347710
201694
47266.2
0
8627.76
793712
470189
349406
202740
47451
0
8616.26
791029
468640
348209
202002
47320.7
0
8644.92
795754
471462
350434
203324
47592.9
0
8566.49
779418
461934
343033
198808
46756.8
0
8609.62
789481
467746
347519
201576
47245.5
0
8600.52
787358
466520
346573
200992
47142.4
0
8623.12
792629
469564
348923
202442
47398.4
0
8588.94
784657
464959
345368
200249
47011.2
0
8650.48
796405
471868
350762
203510
47638.6
0
8670.65
798765
473343
351955
204185
47804.3
0
8581.45
782908
463950
344589
199768
46926.3
0
8589.42
784767
465023
345418
200280
47016.6
0
8591.9
785346
465358
345676
200439
47044.7
0
8663.37
797913
472811
351525
203942
47744.5
0
8687.42
800727
474569
352947
204747
47942.1
0
8675.22
799300
473677
352226
204339
47841.9
0
8656.37
797094
472299
351111
203707
47687
0
8580.57
782703
463831
344498
199712
46916.3
0
8594.47
785947
465705
345944
200604
47073.8
0
8599.39
787093
466367
346455
200920
47129.5
0
8671.61
798877
473413
352012
204218
47812.2
0
8609.24
789392
467694
347479
201552
47241.1
0
8688.54
800858
474650
353013
204784
47951.3
0
8657.31
797205
472368
351167
203739
47694.7
0
8609.92
789550
467785
347550
201595
47248.8
0
8612.34
790115
468112
347802
201751
47276.3
0
8653.35
796741
472079
350933
203606
47662.2
0
8665.24
798132
472947
351635
204004
47759.9
0
8617.02
791207
468742
348289
202051
47329.3
0
8600.17
787275
466472
346536
200969
47138.3
0
8619.87
791872
469127
348585
202234
47361.6
0
8719.09
804434
476885
354821
205808
48202.4
0
8632.17
794263
470530
349680
202897
47488.1
0
8712.51
803664
476403
354431
205587
48148.3
0
8669.14
798588
473232
351866
204135
47791.9
0
8646.24
795909
471559
350512
203368
47603.8
0
8609.76
789513
467764
347534
201585
47247
0
8624.72
793003
469780
349089
202545
47416.5
0
8788.28
812530
481943
358913
208125
48771
0
8591.21
785186
465265
345604
200395
47036.9
0
8603.74
788107
466952
346907
201199
47178.8
0
8618.57
791568
468951
348450
202151
47346.8
0
8689.07
800920
474690
353045
204802
47955.7
0
8618.58
791571
468953
348451
202151
47347
0
8609.53
789459
467733
347509
201570
47244.4
0
8669.94
798682
473291
351913
204162
47798.5
0
8681.07
799985
474105
352572
204535
47890
0
8609.71
789500
467757
347528
201582
47246.4
0
8600.09
787256
466461
346527
200964
47137.5
0
8684.31
800364
474342
352763
204643
47916.6
0
8663.27
797901
472803
351519
203938
47743.7
0
8605.57
788535
467200
347098
201316
47199.6
0
8564.95
779059
461727
342873
198709
46739.4
0
8658.87
797387
472482
351259
203791
47707.5
0
8685.93
800553
474460
352859
204697
47929.9
0
8652.42
796632
472010
350877
203575
47654.5
0
8633.84
794458
470652
349779
202953
47501.9
0
8623.17
792643
469572
348929
202446
47399
0
8616.23
791022
468635
348206
202000
47320.3
0
8623.71
792768
469644
348984
202481
47405.1
0
8688.19
800818
474625
352993
204773
47948.5
0
8603.67
788091
466943
346900
201194
47178
0
8608.31
789175
467569
347383
201492
47230.6
0
8602.66
787858
466808
346795
201130
47166.6
0
8614.95
790724
468464
348073
201918
47305.9
0
8647.71
796080
471666
350598
203417
47615.8
0
8604.69
788330
467081
347006
201260
47189.6
0
8618.52
791556
468944
348444
202147
47346.3
0
8622.64
792517
469499
348873
202412
47392.9
0
8580.6
782710
463835
344500
199714
46916.6
0
8736.89
806516
478185
355873
206404
48348.7
0
8656.95
797162
472341
351145
203727
47691.7
0
8610.14
789603
467816
347573
201610
47251.4
0
8611.72
789969
468028
347737
201711
47269.2
0
8659.88
797505
472555
351318
203825
47715.8
0
8630.55
794073
470411
349584
202843
47474.8
0
8620.43
792003
469202
348644
202270
47368
0
8617.75
791377
468840
348364
202098
47337.5
0
8609.6
789475
467742
347516
201575
47245.2
0
8639.53
795124
471068
350115
203144
47548.6
0
8609.29
789403
467701
347485
201555
47241.7
0
8652.64
796658
472026
350890
203583
47656.3
0
8588.15
784471
464852
345286
200198
47002.2
0
8715.5
804013
476622
354608
205687
48172.9
0
8597.58
786671
466123
346266
200803
47109
0
8625.39
793159
469870
349159
202588
47424.1
0
8654.38
796862
472154
350993
203641
47670.7
0
8641.55
795360
471215
350234
203211
47565.2
0
8664.43
798037
472888
351588
203977
47753.2
0
8691.95
801257
474900
353215
204899
47979.4
0
8699.7
802164
475467
353673
205158
48043.1
0
8620.96
792126
469273
348698
202304
47373.9
0
8614.54
790627
468407
348030
201892
47301.1
0
8757.71
808952
479707
357104
207101
48519.7
0
8771.28
810541
480700
357907
207555
48631.3
0
8752.46
808338
479324
356794
206925
48476.6
0
8632.25
794272
470536
349685
202900
47488.8
0
8587.16
784239
464718
345182
200134
46990.9
0
8585.71
783901
464523
345031
200041
46974.5
0
8605.3
788471
467162
347069
201299
47196.4
0
8716
804072
476659
354638
205704
48177
0
8634.54
794540
470703
349820
202976
47507.6
0
8612.35
790117
468113
347803
201751
47276.4
0
8593.95
785823
465633
345889
200570
47067.9
0
8627.3
793604
470127
349357
202711
47445.7
0
8718.85
804405
476867
354806
205800
48200.4
0
8624.84
793031
469796
349102
202553
47417.9
0
8687.53
800740
474577
352954
204751
47943
0
8625.79
793253
469924
349201
202614
47428.7
0
8586.31
784043
464605
345095
200080
46981.4
0
8601.37
787556
466634
346661
201047
47152
0
8693.68
801460
475027
353318
204957
47993.6
0
8722.54
804837
477136
355024
205923
48230.7
0
8645.59
795833
471511
350474
203347
47598.4
0
8580.45
782675
463815
344485
199704
46915
0
8598.06
786783
466188
346317
200834
47114.5
0
8684.54
800391
474358
352777
204651
47918.5
0
8648.55
796179
471727
350648
203445
47622.7
0
8609.7
789499
467756
347527
201581
47246.4
0
8590.82
785093
465212
345563
200369
47032.4
0
8625.8
793255
469925
349202
202614
47428.7
0
8619.95
791891
469138
348594
202239
47362.5
0
8672.77
799013
473498
352081
204257
47821.7
0
8634.54
794539
470703
349820
202976
47507.6
0
8630.63
794083
470417
349589
202846
47475.5
0
8662.18
797774
472724
351454
203902
47734.7
0
8613.52
790389
468270
347924
201826
47289.6
0
8756.74
808839
479637
357047
207068
48511.8
0
8757.78
808960
479713
357108
207103
48520.3
0
8626.99
793532
470085
349325
202691
47442.2
0
8677.8
799602
473866
352379
204425
47863.1
0
8587.05
784214
464704
345171
200128
46989.7
0
8610.42
789667
467853
347602
201628
47254.5
0
8655.48
796990
472234
351058
203677
47679.6
0
8659.54
797466
472531
351299
203814
47713.1
0
8728.79
805568
477593
355394
206132
48282.1
0
8656.24
797079
472289
351103
203703
47685.9
0
8693.01
801381
474978
353278
204934
47988.1
0
8581.83
782997
464001
344628
199793
46930.6
0
8621.9
792346
469400
348796
202364
47384.6
0
8585.11
783761
464442
344969
200003
46967.7
0
8671.73
798892
473422
352019
204222
47813.2
0
8590.84
785099
465215
345566
200371
47032.7
0
8627.52
793656
470157
349381
202725
47448.2
0
8672.54
798986
473481
352067
204249
47819.9
0
8570.93
780454
462532
343495
199093
46807.1
0
8623.64
792752
469635
348978
202476
47404.3
0
8617.99
791433
468873
348389
202113
47340.3
0
8607.29
788936
467431
347276
201427
47219
0
8690.49
801087
474793
353129
204850
47967.4
0
8596.43
786403
465968
346147
200730
47096
0
8589.09
784690
464979
345384
200259
47012.8
0
8633.72
794445
470644
349772
202949
47500.9
0
8628.32
793812
470248
349452
202768
47456.5
0
8731.45
805879
477788
355551
206221
48303.9
0
8729.62
805665
477654
355443
206160
48288.9
0
8663.86
797971
472847
351554
203958
47748.6
0
8637.75
794915
470938
350010
203084
47534
0
8605.9
788613
467244
347132
201338
47203.3
0
8594.62
785980
465724
345958
200613
47075.5
0
8693.17
801400
474989
353287
204940
47989.4
0
8623.04
792612
469554
348915
202438
47397.5
0
8657.91
797274
472411
351202
203759
47699.6
0
8622.78
792550
469518
348887
202421
47394.5
0
8673.77
799130
473571
352140
204290
47829.9
0
8588.35
784517
464879
345306
200211
47004.4
0
8673.44
799091
473547
352120
204279
47827.2
0
8591.39
785227
465289
345623
200406
47038.9
0
8566.32
779379
461912
343016
198797
46754.9
0
8615.93
790952
468595
348175
201981
47316.9
0
8651.07
796474
471911
350797
203530
47643.4
0
8612.45
790141
468127
347813
201758
47277.5
0
8605.86
788604
467239
347128
201335
47202.9
0
8711.72
803570
476345
354384
205561
48141.8
0
8650
796349
471833
350734
203494
47634.6
0
8651.36
796508
471933
350815
203540
47645.8
0
8553.22
776322
460146
341653
197956
46606.5
0
8709.21
803277
476162
354236
205477
48121.2
0
8625.61
793211
469900
349182
202603
47426.6
0
8728.99
805591
477608
355406
206139
48283.7
0
8613.71
790435
468297
347944
201839
47291.8
0
8595.79
786255
465882
346081
200689
47088.8
0
8614.14
790536
468355
347989
201866
47296.7
0
8654.22
796843
472142
350984
203636
47669.3
0
8590.01
784906
465104
345480
200318
47023.3
0
8605.66
788556
467211
347107
201322
47200.5
0
8688.98
800910
474683
353039
204799
47955
0
8702.67
802512
475684
353849
205258
48067.5
0
8703.21
802575
475723
353881
205276
48071.9
0
8625.79
793252
469923
349200
202614
47428.6
0
8669.63
798646
473268
351895
204151
47795.9
0
8635.97
794708
470808
349905
203024
47519.4
0
8590.79
785086
465207
345560
200367
47032
0
8619.51
791788
469078
348547
202211
47357.5
0
8680.18
799881
474040
352519
204505
47882.7
0
8775.88
811079
481036
358179
207709
48669.1
0
8692.83
801361
474965
353267
204928
47986.6
0
8656.26
797082
472291
351105
203704
47686.1
0
8623.33
792680
469593
348945
202456
47400.8
0
8742.32
807151
478582
356194
206585
48393.3
0
8712.38
803648
476394
354424
205583
48147.3
0
8687.74
800765
474593
352966
204758
47944.8
0
8619.19
791712
469034
348514
202190
47353.8
0
8587.12
784231
464714
345179
200132
46990.5
0
8607.93
789086
467517
347343
201468
47226.3
0
8622.45
792473
469474
348853
202400
47390.8
0
8681.6
800046
474143
352603
204552
47894.3
0
8646.45
795934
471574
350524
203375
47605.5
0
8668.81
798550
473209
351847
204124
47789.2
0
8714.48
803894
476547
354548
205653
48164.5
0
8600.72
787404
466546
346593
201005
47144.6
0
8626.12
793330
469969
349235
202635
47432.4
0
8637.44
794879
470915
349991
203074
47531.4
0
8614.38
790591
468387
348014
201882
47299.4
0
8677.19
799530
473821
352342
204405
47858.1
0
8657.15
797185
472356
351157
203733
47693.4
0
8647.33
796036
471638
350576
203405
47612.7
0
8571.94
780690
462668
343600
199158
46818.6
0
8611.19
789847
467957
347682
201677
47263.3
0
8626.38
793390
470003
349262
202652
47435.3
0
8658.87
797386
472482
351258
203791
47707.5
0
8594.29
785903
465679
345924
200592
47071.7
0
8598.77
786948
466283
346390
200880
47122.5
0
8731.52
805888
477793
355555
206224
48304.5
0
8609.87
789539
467779
347545
201592
47248.3
0
8602.16
787740
466740
346743
201098
47161
0
8697.43
801899
475301
353539
205082
48024.4
0
8603.7
788100
466948
346903
201196
47178.4
0
8669.99
798688
473295
351916
204163
47798.9
0
8634.14
794493
470674
349796
202963
47504.3
0
8638.3
794980
470978
350042
203102
47538.5
0
8611.28
789868
467969
347692
201683
47264.3
0
8624.93
793051
469807
349111
202559
47418.9
0
8663.75
797958
472839
351548
203955
47747.7
0
8621.84
792332
469392
348790
202361
47383.9
0
8631.1
794138
470452
349616
202861
47479.3
0
8653.46
796754
472086
350939
203610
47663.1
0
8642.69
795494
471299
350302
203249
47574.6
0
8634.26
794507
470682
349803
202967
47505.3
0
8755.94
808745
479578
357000
207041
48505.2
0
8566.53
779427
461939
343037
198811
46757.2
0
8645.38
795808
471495
350461
203339
47596.7
0
8600.79
787421
466556
346601
201010
47145.4
0
8678.91
799732
473947
352444
204462
47872.2
0
8694.17
801517
475062
353346
204973
47997.6
0
8588.97
784661
464962
345371
200251
47011.4
0
8619.64
791817
469095
348561
202219
47358.9
0
8659.11
797414
472499
351273
203799
47709.5
0
8603.81
788124
466962
346914
201203
47179.6
0
8600.37
787321
466498
346556
200982
47140.6
0
8602.25
787760
466752
346752
201103
47161.9
0
8688.61
800866
474656
353017
204787
47951.9
0
8585.63
783882
464512
345023
200036
46973.6
0
8590.56
785033
465177
345536
200353
47029.5
0
8749.78
808024
479128
356635
206835
48454.6
0
8579.55
782464
463693
344391
199646
46904.7
0
8645.04
795768
471471
350441
203328
47593.9
0
8625.52
793189
469887
349172
202596
47425.6
0
8644.41
795695
471425
350404
203307
47588.7
0
8648.44
796166
471719
350642
203442
47621.8
0
8627.32
793611
470131
349360
202712
47446
0
8668.67
798533
473198
351838
204119
47788
0
8663.58
797938
472826
351537
203949
47746.2
0
8687.15
800696
474549
352931
204738
47939.9
0
8713.45
803774
476472
354487
205619
48156.1
0
8591.6
785277
465318
345645
200420
47041.3
0
8647.96
796110
471684
350613
203426
47617.8
0
8657.54
797232
472385
351180
203747
47696.6
0
8657.14
797185
472356
351157
203733
47693.3
0
8722.45
804827
477130
355019
205920
48230
0
8596.1
786325
465923
346112
200708
47092.2
0
8618.35
791517
468921
348427
202136
47344.3
0
8620.48
792015
469209
348649
202273
47368.5
0
8602.5
787820
466786
346779
201119
47164.8
0
8724.27
805040
477263
355127
205981
48245
0
8621.25
792194
469312
348729
202323
47377.2
0
8665.41
798152
472960
351645
204010
47761.2
0
8626.05
793314
469959
349228
202631
47431.6
0
8629.08
793900
470304
349497
202793
47462.7
0
8697.04
801853
475272
353516
205069
48021.2
0
8617.56
791333
468815
348345
202086
47335.4
0
8668.93
798564
473217
351853
204128
47790.2
0
8616.79
791154
468712
348265
202036
47326.7
0
8620.42
792001
469201
348643
202270
47367.8
0
8609.84
789531
467774
347541
201590
47247.9
0
8625.63
793215
469902
349184
202604
47426.8
0
8627.81
793723
470195
349410
202743
47451.5
0
8616.56
791099
468680
348241
202022
47324.1
0
8634.06
794483
470668
349791
202960
47503.6
0
8753.74
808487
479417
356869
206968
48487.1
0
8698.88
802068
475407
353625
205131
48036.3
0
8641.46
795350
471209
350229
203208
47564.5
0
8606.89
788843
467377
347235
201401
47214.5
0
8653.85
796800
472115
350962
203623
47666.3
0
8663.4
797917
472813
351527
203943
47744.8
0
8739.8
806856
478398
356045
206501
48372.6
0
8690.41
801077
474788
353124
204847
47966.7
0
8597.33
786613
466089
346241
200787
47106.2
0
8614.52
790624
468406
348029
201891
47301
0
8685.29
800478
474413
352821
204676
47924.6
0
8714.2
803861
476527
354531
205644
48162.2
0
8631.48
794182
470480
349639
202874
47482.5
0
8720.17
804560
476963
354884
205844
48211.3
0
8634
794477
470664
349788
202959
47503.2
0
8640.38
795223
471130
350165
203172
47555.6
0
8595.84
786265
465888
346086
200692
47089.3
0
8749.56
807998
479112
356622
206828
48452.8
0
8727.65
805435
477510
355326
206094
48272.7
0
8607.17
788907
467414
347264
201419
47217.6
0
8624.81
793025
469792
349099
202551
47417.6
0
8714.79
803930
476570
354566
205663
48167
0
8680.16
799878
474039
352518
204504
47882.5
0
8684.07
800336
474324
352749
204635
47914.7
0
8662.41
797801
472740
351468
203910
47736.6
0
8603.23
787989
466884
346854
201166
47173
0
8611.6
789941
468011
347724
201703
47267.8
0
8709.84
803351
476208
354273
205498
48126.4
0
8659.88
797505
472555
351318
203825
47715.8
0
8617.99
791432
468872
348389
202113
47340.2
0
8688.36
800837
474637
353003
204778
47949.8
0
8607.61
789010
467474
347309
201447
47222.6
0
8684.57
800394
474361
352779
204652
47918.7
0
8671.61
798878
473413
352012
204218
47812.2
0
8783.38
811956
481584
358622
207960
48730.7
0
8585.09
783757
464440
344968
200002
46967.5
0
8622.61
792511
469496
348870
202410
47392.6
0
8609.74
789508
467761
347531
201584
47246.8
0
8659.72
797486
472544
351309
203820
47714.5
0
8644.04
795651
471398
350382
203295
47585.7
0
8618.62
791580
468958
348455
202154
47347.4
0
8675.78
799366
473718
352259
204357
47846.5
0
8672.52
798984
473480
352066
204248
47819.7
0
8689.3
800948
474707
353059
204810
47957.6
0
8614.14
790534
468354
347989
201866
47296.6
0
8589.5
784786
465034
345426
200285
47017.5
0
8591.99
785366
465369
345685
200444
47045.7
0
8618.36
791518
468922
348428
202137
47344.4
0
8690.28
801062
474778
353116
204843
47965.7
0
8615.39
790826
468522
348119
201946
47310.8
0
8627.24
793592
470120
349352
202707
47445.1
0
8644.23
795674
471412
350393
203301
47587.2
0
8690.24
801057
474775
353114
204841
47965.3
0
8612.63
790181
468150
347831
201769
47279.5
0
8644.73
795732
471448
350422
203318
47591.3
0
8626.18
793343
469976
349241
202639
47433
0
8622.66
792524
469503
348876
202413
47393.2
0
8737.88
806632
478258
355931
206437
48356.8
0
8730.22
805735
477698
355478
206180
48293.8
0
8734.43
806229
478006
355728
206321
48328.5
0
8576.51
781756
463284
344075
199451
46870.3
0
8666.6
798292
473047
351716
204050
47771.1
0
8619.53
791793
469081
348550
202212
47357.8
0
8624.54
792961
469756
349071
202534
47414.5
0
8584.42
783600
464349
344897
199959
46959.9
0
8685.55
800509
474433
352837
204685
47926.8
0
8624.57
792968
469760
349074
202536
47414.8
0
8659.53
797464
472530
351298
203813
47713
0
8732.41
805992
477858
355608
206254
48311.9
0
8611.17
789843
467955
347681
201676
47263.1
0
8703.81
802645
475767
353916
205296
48076.8
0
8554.25
776561
460284
341759
198022
46618.1
0
8651.24
796495
471924
350808
203536
47644.9
0
8630.24
794036
470388
349565
202832
47472.2
0
8593.14
785635
465524
345805
200518
47058.7
0
8649.41
796279
471790
350699
203474
47629.8
0
8558.01
777439
460791
342151
198264
46660.7
0
8607.63
789015
467477
347312
201448
47222.9
0
8594.74
786009
465740
345971
200621
47076.9
0
8683.34
800250
474270
352706
204610
47908.6
0
8565.33
779147
461778
342912
198734
46743.7
0
8682.59
800162
474216
352661
204585
47902.4
0
8627.71
793701
470183
349401
202737
47450.4
0
8610.79
789752
467902
347640
201651
47258.7
0
8723.53
804952
477209
355083
205956
48238.8
0
8719.63
804497
476924
354852
205826
48206.8
0
8732.83
806041
477889
355633
206268
48315.3
0
8622.77
792549
469518
348887
202420
47394.5
0
8629.4
793938
470327
349516
202804
47465.4
0
8620.63
792050
469229
348664
202283
47370.2
0
8730.52
805770
477719
355496
206190
48296.3
0
8624.95
793056
469811
349113
202560
47419.1
0
8676.99
799507
473806
352330
204398
47856.4
0
8617.38
791292
468791
348326
202074
47333.4
0
8599.77
787182
466418
346494
200944
47133.8
0
8681.16
799994
474111
352577
204537
47890.7
0
8618.84
791631
468987
348478
202168
47349.9
0
8654.3
796853
472148
350989
203638
47670
0
8609.13
789365
467679
347468
201545
47239.9
0
8680.05
799865
474030
352511
204500
47881.6
0
8653.15
796718
472064
350920
203600
47660.5
0
8611.54
789929
468004
347719
201700
47267.2
0
8624.63
792981
469767
349080
202539
47415.5
0
8637.65
794904
470930
350004
203081
47533.2
0
8673.41
799088
473545
352119
204278
47827
0
8708.22
803162
476090
354178
205444
48113.1
0
8652.2
796606
471994
350864
203568
47652.7
0
8540.2
773284
458391
340298
197121
46458.9
0
8576.91
781849
463338
344117
199477
46874.9
0
8668.89
798560
473215
351852
204127
47789.9
0
8617.93
791420
468865
348383
202110
47339.6
0
8636.37
794755
470837
349928
203038
47522.7
0
8618.28
791502
468913
348420
202132
47343.6
0
8599.17
787042
466337
346432
200905
47127
0
8657.22
797194
472361
351161
203736
47694
0
8619.99
791899
469142
348597
202241
47362.9
0
8618.58
791570
468952
348451
202151
47346.9
0
8620.69
792064
469237
348671
202287
47370.9
0
8614.24
790559
468368
348000
201873
47297.8
0
8647.68
796077
471663
350597
203416
47615.5
0
8645.75
795852
471523
350483
203352
47599.7
0
8705.12
802799
475863
353994
205340
48087.6
0
8728.34
805516
477561
355367
206117
48278.4
0
8731.32
805864
477778
355544
206217
48302.9
0
8627.17
793574
470109
349344
202702
47444.2
0
8623.06
792615
469556
348916
202439
47397.7
0
8761.64
809412
479995
357337
207232
48552
0
8591.3
785207
465277
345614
200401
47037.9
0
8615.52
790858
468541
348133
201955
47312.3
0
8677.42
799557
473838
352356
204412
47859.9
0
8708.15
803153
476085
354173
205441
48112.5
0
8801.1
814030
482880
359671
208554
48876.3
0
8771.93
810616
480747
357945
207577
48636.6
0
8731.81
805921
477814
355572
206233
48306.9
0
8644.48
795703
471430
350408
203309
47589.3
0
8614.1
790525
468348
347984
201863
47296.2
0
8639.45
795114
471062
350110
203141
47547.9
0
8645.53
795826
471507
350470
203344
47597.9
0
8615.35
790817
468517
348115
201944
47310.4
0
8554.9
776714
460372
341828
198064
46625.5
0
8602.26
787763
466753
346753
201104
47162
0
8590.83
785096
465213
345565
200370
47032.6
0
8648.47
796170
471722
350644
203443
47622.1
0
8625.39
793159
469870
349159
202588
47424.1
0
8789.5
812672
482032
358985
208165
48781
0
8592.8
785555
465478
345769
200496
47054.8
0
8611.3
789873
467972
347694
201684
47264.5
0
8619.02
791674
469012
348497
202180
47352
0
8606.68
788794
467349
347213
201387
47212.1
0
8722.29
804808
477118
355010
205915
48228.7
0
8687.25
800707
474556
352937
204741
47940.7
0
8656.9
797157
472338
351142
203725
47691.4
0
8661.26
797667
472657
351400
203871
47727.2
0
8593.86
785803
465621
345879
200564
47066.9
0
8689.31
800949
474707
353059
204811
47957.7
0
8605.36
788487
467172
347076
201303
47197.2
0
8656
797051
472272
351089
203695
47683.9
0
8654.65
796893
472173
351009
203650
47672.8
0
8699.81
802178
475475
353680
205162
48044
0
8622.88
792573
469531
348898
202427
47395.6
0
8695.36
801657
475150
353417
205013
48007.4
0
8657.37
797212
472372
351170
203741
47695.2
0
8623.05
792615
469555
348916
202438
47397.7
0
8622.26
792430
469448
348834
202388
47388.7
0
8782.38
811839
481511
358563
207927
48722.5
0
8666.68
798300
473052
351720
204053
47771.7
0
8636.03
794714
470812
349908
203026
47519.8
0
8736.66
806489
478168
355859
206396
48346.7
0
8692.36
801306
474930
353239
204913
47982.8
0
8654.65
796893
472173
351009
203650
47672.8
0
8741.33
807036
478510
356136
206552
48385.2
0
8612
790036
468066
347766
201729
47272.4
0
8640.76
795268
471158
350188
203185
47558.7
0
8609.22
789388
467692
347478
201551
47240.9
