0
9165.26
799523
474038
365027
217185
44929.8
0
8467.15
760042
435360
329234
200398
38884.8
0
8727.83
834009
534048
377448
222626
43573.2
0
9398.04
856696
518396
396217
231567
48333.4
0
8746.8
750643
435001
345616
203375
42925.1
0
9079.51
763551
449976
353993
209183
44055.8
0
8994.07
803530
471815
358893
212139
43230.1
0
8077.02
728671
424556
313555
189383
37730.1
0
9444.78
836457
513435
391083
226738
48093.5
0
8792.11
775754
463807
346125
205317
40827.4
0
8909.57
805103
485952
365990
212453
45458.9
0
8337.69
787033
470933
340112
202032
41062.3
0
8248.4
745510
424965
311678
190203
35498.3
0
9164.79
827526
490088
378418
224563
45545.9
0
8952.12
794360
465322
351251
209137
45709.5
0
8239.37
720564
414157
307821
186658
37767.1
0
8050.12
723995
411271
306805
184620
35854.3
0
8472
791864
447251
340918
202683
40631.9
0
8794.91
788612
462299
351153
208160
43310.9
0
9747.08
820092
488754
390702
226768
49907.2
0
9236.25
836549
499541
376563
220096
46600.7
0
9489.29
853636
504809
393547
232024
47884.9
0
8285.27
755941
437989
319322
193739
37933.5
0
9178.4
814471
474987
373298
220011
45550.6
0
8486.24
781536
453582
334851
201426
38635.9
0
8487.77
768638
470762
335532
199901
39982
0
9609.72
820509
495167
386016
225641
49978.2
0
9285.27
786011
466916
359220
213626
45846.3
0
8684.38
776646
456926
352455
206148
44093.9
0
8725.75
765940
460768
340759
200938
41752.1
0
9855.99
854544
506615
405695
235100
49214.8
0
8029.01
741978
417715
307574
186727
37730.7
0
8989.25
756074
438890
342703
202562
45457.4
0
8218.48
755003
432178
322235
193423
40564.1
0
7749.94
716221
404807
291195
177298
34322.3
0
8600.26
811569
494442
358259
213350
41851.6
0
8513.46
730238
422688
314111
187286
42265
0
8220.37
796973
451751
329001
200519
38586.4
0
9290.69
806811
475685
365083
214377
46536.6
0
8625.09
778235
447893
339047
203987
40431.3
0
8164.6
786836
446503
331238
199915
39666.1
0
9247.62
808141
485902
377660
221697
44038
0
9067.87
842037
546748
387059
226628
44872
0
9073.4
774752
455478
344234
205395
43697.2
0
8891.71
743003
440767
341182
203686
39469.8
0
9735.4
867378
507048
393677
231795
46870.1
0
9016.35
807997
469660
365757
215820
44591.4
0
8226.06
773850
446945
329218
199304
38331.7
0
8480.26
781687
450578
339185
203267
39187.3
0
9054.51
765708
452498
340524
203112
43092
0
9237.3
807528
501579
373614
216291
46138.6
0
8993.57
787903
471630
359131
213256
42453.9
0
8812.49
792853
459463
359593
210426
45253.9
0
8929.52
793646
466023
357458
210703
46917.9
0
8644.26
758913
488822
345751
202913
42082.6
0
9078.31
825556
482052
373728
220662
44381.2
0
8704.62
775796
455011
345031
201993
45296.7
0
9702.22
838746
494338
385646
225558
50724
0
8970
768838
462803
352119
206241
42787.6
0
9047.31
771454
464577
355812
209042
43874
0
9052.85
833184
487535
362589
219057
42782.3
0
8470.3
707522
412953
307775
187976
40253.9
0
8937.15
860889
559353
392184
228854
45251
0
8650.55
834953
472691
351255
210087
43130.3
0
8783.22
803943
486543
365628
215116
43388.1
0
8369.63
758371
431394
325907
195821
38636.1
0
9015.07
863279
524610
386184
228274
47020
0
8809.5
755624
438829
335412
200172
41432
0
8311.22
844147
520240
361156
216181
41746.9
0
9022.5
827258
518889
377681
219872
46272.9
0
8754.49
785461
460127
353211
207424
42387.3
0
8807.29
830987
497458
358046
214914
42347
0
8826.88
800633
467487
348451
211072
42170.5
0
8875.76
766250
453476
345883
204800
43490.6
0
9087.26
825797
485296
372052
220744
44646.8
0
8903.43
778764
463536
347624
206609
41783.2
0
9201.83
809412
477679
369903
217407
47118
0
9622
875226
524169
404786
238228
47166.2
0
8201.34
766507
443268
318789
195648
36774.5
0
7966.66
695290
401951
290289
177287
36181
0
9595.58
817881
492058
381972
225087
45035.2
0
9082.1
788039
469450
362946
213255
45907.5
0
9426.26
822335
487424
388566
227432
47628.7
0
8870.52
790508
456492
343620
205638
42426.2
0
9187.05
817259
490133
376587
224055
45247.5
0
9521.79
858836
507399
387420
229058
48062.2
0
9017.4
776688
457518
350240
207319
43140
0
9192.9
791507
470173
362914
214640
42249.1
0
9156.4
821561
510384
384514
224384
44815.4
0
8891.38
792938
464169
353640
209518
44893.6
0
9532.78
809561
480303
370447
220259
45494.6
0
8705.91
797747
492477
353752
208845
43038.1
0
8788.03
781600
455865
340112
205625
39743.3
0
9513.82
876240
532997
409643
237679
48363.1
0
8966.51
858266
530621
383424
225701
45650.5
0
9202.17
813275
480079
358984
217476
42086.3
0
8333.12
764782
437779
320753
197316
36847.4
0
8747.63
795919
462318
349136
208435
44069.4
0
8018.24
698946
401018
294659
180191
36981.9
0
8839.49
789142
463731
349888
207639
42654.6
0
8855.67
811328
476962
362609
215906
42246
0
8707.39
770288
447827
342806
205356
41357.6
0
9062.47
834535
492484
363523
216190
43297.3
0
8804.72
783942
457368
337755
203551
43033.3
0
8277.71
759919
436005
323786
196472
39023.5
0
8322
722607
421592
315307
188985
37870.1
0
8880.01
806975
485096
366585
217089
43662.3
0
8894.27
841733
498043
362734
215934
42331.8
0
8824.86
780032
454789
342519
204858
43257.7
0
8731.32
761016
440593
336246
200626
41028.2
0
8337.78
711765
408530
315841
187536
39923.3
0
8885.02
793036
465498
349541
208895
41488.7
0
8030.64
748427
425610
314551
188034
37137.2
0
8274.22
716570
422161
312762
186035
38546.5
0
8561.67
730829
445358
332872
193782
43592.2
0
9138.16
796730
468291
358405
213730
41720.6
0
8883.9
778408
481414
358381
209056
44668.2
0
7999.47
765907
447910
326788
197677
37089
0
8730.23
735132
428065
324659
194956
42322.3
0
8976.12
785881
455704
347808
208432
42641.8
0
9097.84
811612
483686
374478
218033
46733.7
0
9076.55
813325
477862
363103
214662
41600.8
0
9148.6
782675
461136
353690
210252
44732.4
0
8433.19
755316
431129
321231
194282
40143.1
0
9967.3
915420
554361
424854
249607
49506.8
0
8750.89
772408
453045
339254
203536
40311.5
0
8583.43
743709
430748
329636
196519
41790
0
8390.71
762495
433982
320227
196164
39929.8
0
8998.14
814018
483600
369532
217666
44393.6
0
8832.55
784894
459627
348884
206177
45030.3
0
8489
735433
432579
321086
194235
36936.5
0
8856.28
790476
461839
351613
209700
42329
0
8890.08
757509
442209
344248
203434
42700.3
0
9078.42
823384
495245
375364
219824
45931.7
0
8563.68
764678
434309
321872
196686
39767
0
8983.02
782854
455445
345580
204170
43260.7
0
9027.78
744468
439141
339952
204846
41206.8
0
8302.58
796949
449102
336240
203233
39979.3
0
8096.24
753684
438793
317686
192979
37767.6
0
8040.8
730988
419595
303380
187666
35232.5
0
8922.83
790247
460681
353970
213312
40927
0
8661.8
806908
473197
352266
211735
39411.9
0
9014.81
799444
465469
357145
211828
44039.6
0
8427.24
683156
399644
306693
182260
40124.3
0
8320.68
766011
440331
317668
192061
40592.3
0
8789.85
736641
442155
337629
200079
41772.5
0
8518.94
759096
442392
330918
199987
38733.5
0
9137.26
814573
477909
374331
218844
46628
0
9422.4
800463
477068
368238
218161
45234.5
0
8845.18
735042
437349
339516
200601
41159.4
0
9927.41
870326
527051
413143
240045
50903.2
0
8814.01
789541
468335
348504
206992
43075.3
0
8493.66
787393
455005
334392
202441
42070
0
9036.46
844936
490866
373256
221073
47691.6
0
9429.71
833510
493483
388874
227145
48870.8
0
8288.17
764779
433880
322518
192453
41145.8
0
8971.31
786578
462026
350994
207714
44548.9
0
9022.26
806920
485075
365333
215895
42508.8
0
8738.03
719214
419681
330810
195092
41042.3
0
9339.4
830062
480042
372981
221346
45149.5
0
9201.94
793403
470901
356523
211480
45868.6
0
8923.88
778746
454269
341026
203804
45897
0
7767.86
748328
425408
305056
186630
35482.6
0
7949.58
744123
423166
315137
191049
38581.7
0
8893.04
783321
457264
347842
205923
43470.3
0
8012.44
803991
499546
332949
199738
37844.4
0
8280.38
780990
444684
330959
198316
38171.8
0
8683.75
748480
438165
333458
198319
42667.6
0
9092.77
787286
450543
340548
204726
42505.3
0
8979.95
784007
459433
353312
210224
42485.2
0
8272.4
717660
408784
301424
183093
37346.3
0
8444.86
789642
476203
344462
205001
41749.2
0
9267.43
813935
482620
369636
219677
42963.6
0
8824.44
739045
433027
331634
199508
41049.5
0
8748.1
727360
423957
323621
193939
40253.3
0
8942.59
850536
529913
383535
224480
45735.7
0
8456.19
781616
482801
347218
205289
41262.4
0
9764.5
840584
500399
393896
228939
47972.3
0
9855.87
863333
529658
414006
238018
52687.2
0
8507.32
764079
443192
342943
202808
43042.5
0
9489.72
851073
508865
392364
230970
48085.8
0
9373.26
861644
514156
391390
231552
45708.3
0
8349.95
759418
430593
314098
192222
33735.2
0
8304.03
754557
448051
325698
195779
38837.7
0
9118.16
757807
452167
346998
208338
41806.9
0
8597.52
731192
421903
316241
190455
40641.3
0
9069.19
829611
534360
372022
216550
47226.5
0
8232.33
763494
462865
330260
196791
41912.8
0
8909.43
757964
447723
343485
203988
42406.1
0
8303.18
755390
439852
328369
195657
40628.8
0
8704.54
742257
436516
323949
194213
39361.7
0
8819.99
820447
506491
366682
215249
44165.3
0
8940.11
767126
439719
342374
202939
45360.5
0
8310.99
741071
437394
325929
192860
40729
0
8286.27
774100
442943
326527
199458
36972.9
0
8550.37
776097
445192
331669
201077
41189.5
0
8772.9
763734
452543
339303
204953
40472
0
9239.41
803097
471023
366358
216271
45663.3
0
8466.48
759611
433020
334157
200849
38084.2
0
8540.83
758380
442518
332883
199962
41094.7
0
9068.45
825808
477879
360700
214398
41877.3
0
9490.37
883294
547608
403395
236133
47317.4
0
8644.3
739078
429112
318715
192938
40973.1
0
8859.68
782384
480728
359472
211543
42671.5
0
9597.15
838768
498035
388073
228025
47284.3
0
8745.01
770656
450294
343349
203753
42698.3
0
8807.62
792448
464919
354183
208827
42951.5
0
9416.57
840785
496033
381410
223794
46118.6
0
8126.21
751955
431420
316960
190825
40044.2
0
9086.65
810563
483372
365555
215621
44695.4
0
9567.61
770173
461963
371771
215092
47332.6
0
9228.06
821238
484601
368081
219837
45388.3
0
9662.07
850927
529824
400613
231766
48756.3
0
8858.26
767935
449836
344948
204809
43603.8
0
8987.08
802753
480155
364198
214916
44903.4
0
7910.42
720758
412441
298862
182575
34103.8
0
8179.17
745838
430924
316306
191463
39407.2
0
9008.66
791219
475756
359468
210675
43456.7
0
8887.23
753678
443606
345436
203549
43790.6
0
8196.19
703494
408447
301066
181763
36831.1
0
8690.91
791522
462642
349610
207844
42153.2
0
8192.05
722207
405950
300144
185034
36797.9
0
8874.86
754647
448834
351140
206086
44027.7
0
8946.85
794355
469715
355326
207075
42870.1
0
8701.53
803932
511452
365084
215214
42516
0
8913.83
729524
431252
333083
198428
41559.2
0
9167.94
771966
455995
356639
212878
44739.8
0
9141.58
829387
514954
378703
219285
47873.8
0
9850.04
808139
485879
381559
226059
48514.8
0
9792.85
814026
477488
376268
224568
46057.8
0
8825.3
839341
477066
356022
212328
46202.5
0
9058.08
816757
481738
362190
215630
45535.4
0
8419.43
741538
424174
307247
190543
35177.7
0
7980.67
711402
408672
307866
183966
39113.3
0
9068.9
814882
469759
360906
215061
45273.3
0
9632.54
808224
483127
376573
220137
47637.2
0
9096.95
775879
454672
350221
206477
46986.6
0
9207.77
830849
519463
382211
223565
45494.1
0
9208.26
794729
473051
371259
216722
46980.6
0
8702.49
823932
473949
350602
214254
40062.9
0
8818.67
753267
434627
343098
200674
43946.6
0
8961.04
818612
488011
361308
214628
46372.5
0
9059.89
738185
439192
335890
201113
40461.4
0
8854.06
783320
462668
352608
210433
44281.7
0
8518.27
740858
437614
325313
194929
38531.8
0
9398.33
820471
486046
377768
223175
47314.1
0
9121.36
759010
448030
334173
201835
43022.5
0
8519.37
783394
459767
344718
207185
41387.9
0
8857.26
801997
464467
357133
213171
43053.2
0
9702.54
845574
506878
391667
229863
48092.8
0
8487.57
772064
444818
326612
199234
37133.3
0
8781.27
787829
459430
342395
205640
42452
0
8945.25
770592
456329
343665
205183
43648.8
0
9036.22
836967
489352
370826
220881
43445.1
0
9648.94
871072
513219
397834
233700
52462.7
0
8274.04
755202
432451
328416
194933
40361.8
0
8953.26
795906
474052
361874
212861
46192.4
0
8854.4
831735
527996
375440
220945
41670.1
0
8964.98
776894
458412
353341
209422
41244.1
0
8815.7
799622
485020
355816
208756
43443.4
0
8131
711232
411536
303873
186060
36764.3
0
9023.93
800545
463360
356950
211725
44209.5
0
8515
754374
461387
342366
202497
41504.1
0
8374.63
730326
425137
315215
195458
34447.3
0
8642.99
724176
421208
322053
190607
42166.7
0
8212.33
683043
393876
293768
176732
36805.7
0
9556.37
790214
468537
360705
213377
47509.2
0
9079.14
804747
470290
365685
215456
44007.8
0
8707.39
812247
468266
353593
211911
41071.6
0
8542.35
760113
440715
334210
199285
41267.9
0
9370.05
806660
478404
364717
216751
45525.8
0
8460.38
712339
412905
308157
187617
38660.4
0
9058.89
826784
479971
361083
213956
42830.6
0
8954.38
754576
435473
334635
198453
43741.7
0
9152.97
831200
502703
376196
223579
43694.4
0
9320.98
862096
508867
387528
230960
46261.3
0
9300.06
816969
489400
377742
219873
47397.1
0
8332.39
777890
446142
328283
200306
37351.5
0
9581.27
871000
506470
397900
234114
48386.3
0
8423.39
761635
434179
328889
197184
39888.4
0
8557.22
822114
531974
365504
215807
41730.5
0
7786.34
749208
444012
311519
190502
35197.6
0
9437.37
831245
494010
387706
227200
48650.5
0
9269.75
834153
494539
378794
224209
45872.3
0
9687.87
859762
514868
396925
232607
49618.1
0
8062.41
728906
413350
301938
183938
36034.7
0
8649.54
779281
449858
343151
204053
42318.7
0
8287.57
788538
480568
340113
201793
39426.7
0
8473.34
732893
425401
324683
192823
39632.1
0
9198.29
837921
492434
379007
224149
46139
0
8600.87
736376
441433
328725
197835
38978.9
0
8482.45
737920
432836
326663
197702
36884.7
0
9047.64
759896
447787
340661
203390
42341.9
0
9152.28
784771
460108
341978
206815
41510.1
0
9243.42
785479
489323
369805
216036
45581.1
0
9032.22
826294
492042
368833
218214
41645.9
0
8648.21
742994
438815
332798
198236
41282.3
0
9527.94
885782
533552
400023
234622
50487.9
0
9164.9
800067
471101
367163
215789
43296.6
0
8212.09
720129
411767
298942
185425
36928
0
8974.64
811014
477030
360230
216574
42094.1
0
9057.01
791951
468000
349658
210981
43698.3
0
8442.85
712755
408137
315767
187442
42327.9
0
8353.24
748862
454739
330775
196085
39867.4
0
8996.6
802802
456178
352873
207170
45468.5
0
8417.15
687065
409127
305764
185337
37525.9
0
8569.49
837225
500085
362398
216036
42025.8
0
9326.53
816468
481950
368464
218869
42850.5
0
9481.93
828444
526077
394043
228087
48494.6
0
8734.52
776492
458472
346480
204934
42324.9
0
8833.44
829416
511052
373215
217324
45049.5
0
8944.46
816935
481107
364762
215681
45295.3
0
9135.29
785973
465367
353703
206969
44991.1
0
9174.61
792928
465719
356158
209865
45558.3
0
8989.77
794822
461023
355834
210635
44146.7
0
8811.57
794899
458473
349869
209269
41573.6
0
9070.91
843600
490104
377400
223062
46388.3
0
8800.55
772649
443568
338088
203160
42572.9
0
8965.44
799610
498320
365912
211483
44048.8
0
7927.37
755820
441548
317795
191378
36334.5
0
8897.42
781006
451802
352716
209857
42852.2
0
8979.03
822560
481250
363033
214932
43032.8
0
8658.35
802724
483833
352552
207945
43587.5
0
8717.39
769605
444666
339786
199411
43621.2
0
8627.89
792400
481386
355297
209637
41057.8
0
8419.89
716013
408126
318002
188204
39553.2
0
8486.42
770999
445717
332035
200468
38657.6
0
9291.71
825595
491589
381668
224679
45974.5
0
9237.03
830261
493704
384151
223680
49856.3
0
8886.87
777907
451380
338742
203071
42280.2
0
8815.66
752871
444404
338032
199856
42713.5
0
9671.31
763625
462698
363303
213031
47389
0
9467.35
851741
525484
398977
232245
49003.7
0
9286.92
790686
473553
363096
214072
47725.9
0
8428.91
782778
450930
337734
203223
39603.8
0
8575.14
743506
430467
329668
196201
40281.8
0
8227.42
733774
417837
311167
186877
40264.9
0
8990.58
749163
436647
334944
197136
43920.3
0
8356.37
772370
441314
324553
199733
39880.6
0
9130.54
811284
476152
354935
214781
46380.4
0
8796.98
817638
467932
356481
211988
43542.4
0
9226.38
788976
468349
363876
214299
44803.9
0
9224.91
840140
541887
395358
228136
46533.6
0
9015.67
768496
451442
346990
205159
41793.6
0
8274.91
785038
479100
335484
200304
38981.8
0
8408.62
810735
477758
346601
209104
38141.4
0
8113.19
778189
442162
324140
194734
37276.2
0
9446.37
870090
511847
388506
228885
47435.1
0
9544.03
804767
480107
377502
222995
44891
0
9203.38
792559
467323
368494
218646
44934.6
0
8769
829855
482124
357713
214678
42544
0
9606.5
821962
488218
384134
226149
47408
0
9088.82
781038
458813
355752
211140
45665.9
0
9021.35
760871
450824
350868
206952
44045.1
0
9528.83
810351
483420
373721
220323
46366.6
0
8777.9
827327
482398
359558
214894
42831
0
9036.98
786934
459688
364578
213250
43870
0
8618.71
735015
427651
317686
194231
38958.1
0
8319.95
711374
408891
305894
182773
38999
0
8286.29
738892
431542
319830
191941
39652.9
0
9436.86
850669
506187
392638
229715
46759
0
8852
749231
449263
342951
202248
43192.8
0
9273.63
790523
470319
370148
215108
48381.2
0
9766.1
820113
494504
387153
227590
50043.1
0
8458.4
721332
418760
304648
187757
36707.5
0
8977.52
810832
476500
357852
212851
43706.7
0
8436.69
783003
456813
343572
204994
40592.9
0
9229.33
854311
511145
386917
230927
43377.2
0
9252.35
833006
518756
384139
224287
46582.8
0
8997.56
785217
461768
350734
208616
42140.8
0
8976.25
788554
458268
353487
208846
44133.7
0
8583.31
774188
454173
342157
203526
41513
0
8462.58
769056
488763
342110
200315
41624.8
0
8840.73
773404
456237
346692
208363
41643.3
0
9218.72
829377
508968
377492
219434
49514.4
0
8164.69
718213
405713
294526
181774
35601.4
0
9460.89
812233
475965
369301
217838
46525.4
0
8177.01
765922
457280
328624
195037
38812.4
0
8316.6
744798
430739
313522
191825
36072.4
0
8662.25
760194
450093
341776
202246
40337.3
0
8650.02
762472
445726
337559
201417
42046
0
9275.14
808212
482368
377850
219900
49820.8
0
9518.12
828315
495998
380906
225972
45574.2
0
8365.21
794818
479892
339394
203742
38147.1
0
8699.31
776456
464257
344883
203497
44313
0
9155.32
800784
468949
367768
214049
45781.7
0
9791.58
864713
511781
396333
232846
48768.4
0
8641.81
746255
432003
328972
198223
40917.1
0
9244.74
805709
490221
370680
220219
41086.8
0
9440.8
785139
464504
372433
216989
47844.7
0
8610.57
759910
440164
330157
199116
39160.6
0
9040.94
760336
449450
346742
206212
44981.7
0
8967.03
779059
463815
352050
209555
41144.9
0
8610.99
751784
433719
325037
195779
37759.7
0
8866.32
768098
455339
347056
206841
40995.8
0
8188.25
764518
458718
329286
197017
37763.4
0
8028.43
729333
452128
316858
187462
38591.6
0
9008.71
822734
480956
375437
219585
47855.5
0
9083.7
845139
489454
372364
221406
43509.8
0
8208.53
760523
432694
322407
195114
36206.8
0
9497.81
778775
463076
364626
215010
44571.7
0
7845.17
692033
404322
292509
176968
33936.1
0
8788.43
764871
450835
341819
202245
42933.7
0
8325.26
797056
465429
343071
205790
42462.6
0
9037.44
824534
484793
374336
222387
45797.8
0
8957.7
782858
456277
352385
206560
45176
0
8618.43
755619
447473
343240
202553
41308.6
0
8946.39
753017
440367
337337
202863
39469.9
0
9334.44
827529
489313
378452
220498
49873.7
0
8638.57
810756
492195
358235
211552
42950.2
0
8499.63
808822
467652
344961
209455
39743.3
0
8445.43
694856
403129
300738
183948
35446
0
9385.58
836582
497734
386601
225596
46442.3
0
9043.44
795670
476421
362102
213293
44563.3
0
8786.96
778273
465254
350761
208203
44890.9
0
8814.56
782346
493261
348543
207066
39144.6
0
8157.77
727004
409112
315986
189531
37351.6
0
8652.19
803440
463656
343456
206508
40480
0
8328.72
796591
492842
341538
203466
41471.4
0
9969.63
832338
497413
396883
232321
48638.5
0
8060.66
675817
390656
295786
176474
38330.7
0
8644.07
775340
451946
336577
202245
41776
0
8190.57
737606
421775
308581
187233
38610.1
0
9188.36
815149
484704
359844
217823
43529.8
0
8281.67
750914
439696
332801
197789
40974.5
0
9709.6
835154
497339
393511
229322
49821.4
0
8728.34
770134
456782
344271
206439
40873.8
0
9045
811266
476958
371880
215850
46667.1
0
9326.97
805328
469902
367044
216502
46437.2
0
9410.95
879311
521786
395223
232071
48402.1
0
8596.41
810044
480287
354062
209394
41094.4
0
8245.23
753395
433418
318694
192149
41028.9
0
8254.51
731869
421794
311598
188132
39413
0
10006.9
858932
519738
407358
238868
51425.5
0
7889.29
724034
408944
292877
180844
33048
0
9428
808401
485625
376852
219423
46924.4
0
8433.76
763186
440308
330984
198080
42320.9
0
8637.16
731603
432325
327386
194692
40741.4
0
9474.01
860522
517116
395280
230609
48591.3
0
9831.73
870688
526980
407904
239650
47632.9
0
9279.57
846124
490920
368040
222941
43235.5
0
8739.94
753875
435333
319668
195199
39472.4
0
8326.64
786833
464577
342389
204384
40529.8
0
9200.77
804437
473976
363102
216410
42006.6
0
9258.08
785146
466540
365700
215863
45882.6
0
8660.62
742258
440147
336867
199527
41310.8
0
9030.33
783853
460917
351960
210125
42415.9
0
8185.1
692837
394817
297563
178881
38653.6
0
8455.07
744927
434959
332861
196937
40210.3
0
8607.26
736078
428574
326503
194312
41554.4
0
8299.77
746599
428695
312261
189664
38476.5
0
8804.01
822930
541066
374429
217722
45277.4
0
8711.1
757247
456372
343167
202421
41065.8
0
9373.87
847560
538689
394867
228168
49335
0
8879.9
786942
456954
348067
204943
43665.1
0
8247.56
783816
448374
327224
200637
35260.3
0
9146.74
811303
472634
359537
214920
45144.8
0
8390.46
764096
445930
327908
198212
40152.3
0
9695.56
843803
498475
400074
230816
51196.5
0
9130.1
776059
451355
357287
209999
46367.3
0
9104.58
818465
486118
372223
219899
47319.6
0
8658.2
778766
472676
350477
206383
41541.3
0
7842.42
715664
423915
306866
182902
36329
0
8929.19
785621
506860
367230
212922
46090.4
0
8460.82
780583
451309
336222
202708
41990
0
9243.29
786034
469777
367591
214307
47005.2
0
8185.7
766386
434438
322662
195653
38128.5
0
8791.6
765315
449027
340338
201626
41187.2
0
8386.34
720592
413631
312295
186780
38282.6
0
8295.69
822606
517312
354351
210077
42444.5
0
8536.52
800246
475772
350722
209421
40751.8
0
8380.96
738461
432016
325127
194084
38919.5
0
9479.63
802606
483729
373529
221232
44409.4
0
8798.27
786706
464109
352662
210951
43854.7
0
8807.46
763313
443729
329443
199636
41384.3
0
9291.17
845273
504541
381839
226505
45946
0
9779.85
888250
553208
417315
241758
50445.8
0
9424.37
830748
489177
376693
222023
49546.7
0
7786.23
700970
400279
297563
180540
38347.1
0
8813.86
824948
525879
373588
220010
42882.3
0
8789.62
788439
468097
353908
209150
43745.3
0
9164.89
822106
495522
374103
219888
43524.4
0
8776.4
882150
542385
385369
229825
42374.3
0
9587.8
800116
478089
376491
219174
48934.1
0
8494.32
785543
446119
337441
202693
39730.1
0
8780
743759
432695
331459
198438
43087.7
0
8531.93
733999
432359
327657
196960
39042.4
0
9361.46
826428
493726
385822
225434
47526.8
0
9102.6
808005
473470
363241
214003
47014.1
0
9012.53
811874
479612
361815
214923
44225.5
0
8626.57
801584
455915
348813
207079
44332.6
0
8286.49
734435
418694
306528
187990
36544.6
0
8263.37
715453
410233
307735
184854
40235.3
0
8823.97
811454
467247
348166
210554
41693.5
0
9097.6
828484
486985
373090
220818
46130.1
0
9222.71
803604
474080
370493
216341
47580.6
0
8493.85
731624
420675
322998
191856
40313.1
0
8659.97
830220
478850
353794
213643
40077.3
0
8905.36
752801
439172
334283
204075
38922.5
0
9451.35
854972
520564
393493
229493
47688.7
0
9342.84
806306
472743
370968
219349
46384.2
0
9347.35
846507
503846
387484
228117
46790.2
0
8761.91
784634
454725
339046
206053
41354.5
0
8330.23
774113
445096
324394
196066
39070.3
0
9420.02
810722
493694
372940
215155
47624.7
0
9220.61
831698
516860
387820
226740
46428.9
0
8696.5
767141
442874
335814
202543
41099.2
0
8922.48
802831
472207
363188
213676
44471.1
0
8152.34
791846
450797
327086
199479
37631.2
0
8576.84
728690
427717
328511
195155
40746.8
0
8637.71
754417
440794
339312
200520
40949.5
0
8326.26
738674
422917
320267
190956
41246.1
0
8490.04
740780
432198
324538
195305
41009.8
0
8826.26
794035
463970
345498
208997
39919.4
0
8739.26
757875
447436
343824
202543
41895.4
0
8485.61
674487
385102
294132
177465
36941.2
0
9150.24
796981
474988
364049
215558
44962.8
0
7924.95
756715
497456
328256
194458
36962.8
0
8320.39
785735
451748
330333
201815
38102.1
0
9763.34
828045
503821
392114
229007
46319.4
0
7927.46
746947
418716
309658
186950
38486.8
0
8226.05
757492
441517
321477
194202
34575
0
8288.7
745450
427661
318287
192792
38176.5
0
8136.67
701854
408416
295004
179337
36543.9
0
9003.87
761874
440552
329251
194483
44835.5
0
8957.02
819874
501761
364613
214150
43370.5
0
7569.8
745211
421750
299824
185425
33778.4
0
9267.74
815619
481154
378237
222381
44451.1
0
8963.4
795498
468852
354626
208769
45743.3
0
8751.7
802858
478647
358227
210987
42834
0
9116.31
810487
465897
357157
214844
44477.2
0
8511.39
745907
431789
321980
193830
39820.8
0
9036.24
794030
468965
359546
210765
43929.4
0
9180.56
764989
457084
354320
208990
46972.4
0
8165.32
728602
420612
315536
188629
40142.8
0
8944.82
788206
464190
355342
210409
45222.4
0
9840.43
834477
496094
386151
231133
46102.5
0
9551.02
843989
494588
389571
228851
50866.2
0
9313.48
812662
482492
362676
216870
43982.8
0
9226.04
772064
458758
351860
207320
45893.5
0
9029.27
836134
485347
360029
215546
45360.3
0
9208.74
784347
465400
359715
210783
44747.8
0
8960.86
825050
498226
371384
219727
45989
0
9008.48
782934
458345
351553
209641
43450.5
0
9399.91
848577
506062
383051
227452
47470.8
0
8545.39
738730
428784
321510
191953
41886.2
0
8830.42
799796
471146
351130
209125
39542.3
0
8638.18
731418
427974
325010
194646
40794.7
0
8683.11
813709
471584
348050
211618
42912.8
0
9125.26
820551
502940
377750
219100
46955.9
0
8714.03
792246
457018
344541
207389
40597.2
0
8987.01
776140
459633
349640
207538
42239.9
0
8789.64
792791
461313
350298
209039
40988.1
0
9144.83
808475
477002
362848
216288
42033.7
0
9256.2
758610
456487
342657
207440
41950.8
0
8957.97
796984
474070
358846
214687
41039.1
0
8817.4
753741
440633
345030
202840
43682.1
0
9439.83
830621
492578
380858
225141
44503.9
0
8109.65
751493
450291
320422
192143
38629
0
9118.05
831312
481114
369640
219034
45837.9
0
8613.39
750213
431961
325448
196449
42264.9
0
8961.5
800931
467696
362929
216272
44738.7
0
8598.12
738646
428435
319485
193883
39544.9
0
8571.8
789970
456463
340774
203875
41044.9
0
8770.5
760197
442511
335048
200986
38763.9
0
9386
791070
472636
355628
214422
43932.6
0
8825.27
783987
442617
333620
198783
46245.1
0
9121.77
838333
493226
371308
219348
43617.3
0
9396.23
746008
445037
342160
205613
43440.3
0
8765.42
766742
437277
335506
199794
42563.6
0
8832.24
786346
458649
349245
207732
43969.3
0
9204.1
864554
503999
381680
226687
47497.2
0
9216.89
825858
487943
379355
222427
44951.6
0
8694.36
776468
444851
329842
201261
37745.6
0
8848.19
838288
502062
365604
217828
39363.7
0
7638.67
722450
414887
295572
180686
34588.4
0
9050.73
737524
440245
336474
199918
43791.3
0
8442.45
740014
431570
319076
189302
43462.6
0
8503.84
770409
454757
343130
202833
43712.3
0
9407.7
846260
512119
388059
232160
47278.4
0
8954.46
806371
475599
356488
214780
40644.7
0
7761.76
711159
400346
297551
182634
32947.7
0
9029.81
835567
504865
377274
223737
45637.2
0
8609.5
771818
447861
346103
207386
37864
0
9323.75
819601
493273
381503
223545
46600.8
0
8350.9
720352
425672
320285
190501
41208.3
0
8956.71
825079
496722
371794
219314
45272.8
0
9232.08
796880
470355
368727
216392
46217.1
0
9003.17
799809
464149
357500
212185
43392.9
0
9501.72
850247
507092
390857
230306
46288.7
0
8847.21
804953
473102
352042
211872
40927.6
0
8816.37
830013
508417
366125
215538
42663.4
0
9301.68
815578
484027
371101
222152
45097.3
0
8496.19
751780
433903
325902
195975
39999.4
0
8197.42
758682
470075
331504
198692
37708.4
0
8678.76
785920
457242
347896
208922
40451
0
8861.56
799956
462906
355319
210980
41402.6
0
8941.75
781638
452912
340571
202573
45098.6
0
9095.97
831130
484093
367432
219217
44933.1
0
8395.94
795965
452158
338030
202685
40569.3
0
8933.99
718362
420590
324917
193374
41768
0
8879.97
734014
437693
329779
198245
39795
0
8884.2
759208
445923
343186
200950
45609.9
0
8104.67
746524
472724
320189
191810
37332.9
0
9326.91
774367
466667
363363
213974
42949
0
8569.58
779790
446384
337211
201550
40416.3
0
9113.34
749371
440156
343619
204165
45184.7
0
9107.23
765440
455123
347018
206430
42885.8
0
8740.91
797213
482642
357327
213741
41204
0
8987.48
795520
466277
356497
213370
41686.6
0
9013.36
770884
458564
358285
209268
46265.5
0
9338.4
870237
504086
386890
228374
47263.7
0
8245.74
767252
452977
337544
201139
40151.5
0
8616.01
792660
460323
340189
203688
42074.5
0
9431.8
811498
485295
381518
223129
46854.2
0
8951.08
818948
479779
366506
216931
43017.4
0
9319.7
877090
573874
407107
236688
49187.9
0
9070.07
773397
455096
343700
208317
40253.3
0
8774.6
789622
460035
350789
209486
41223.4
0
9454.92
891446
529694
388332
231738
46152.8
0
9057.87
862619
545042
386691
225633
45453.3
0
8504.09
738450
423648
318660
189257
40413.9
0
9012.31
799371
473489
360266
215700
42341.6
0
7987.68
704240
401472
288649
179040
34166.3
0
8926.95
823651
516574
374368
219940
45274.6
0
8484.36
753513
435012
324104
196281
39401.5
0
8572.76
753062
444962
338275
200830
41403.4
0
9076.99
777765
462456
362980
209778
47924.2
0
8785.6
755508
447605
341341
203718
42038.7
0
9503.93
836131
498086
388362
227407
49793.9
0
8894.06
798727
460233
357293
213573
43407
0
9357.1
850303
515033
388836
229451
45906.8
0
8780.6
752000
435626
334379
197948
40622
0
7710.97
672997
375274
274946
170502
34417.3
0
8762.75
743626
431113
326462
195410
42631.4
0
9694.62
808149
494191
381360
224848
48683
0
8876.92
757113
443113
346995
202782
46137.7
0
8906.16
738215
452789
340001
199891
41974.1
0
9514.57
840511
525372
394857
228917
48334.4
0
9247.53
807642
475211
365316
216054
44282.1
0
8303.36
756734
436800
330015
197786
38172.8
0
9205.3
778688
453413
363362
214654
44434.7
0
8924.1
798960
467919
357794
213486
45249.9
0
8607.82
753327
439163
329041
197552
41006
0
9288.67
859158
546850
403192
233387
46893.8
0
8286.78
786152
472395
337095
200397
38877.8
0
8981.19
743446
442214
338941
201926
40407
0
8714.93
734810
438500
337115
200183
40289.5
0
8744.7
788755
458974
344443
206980
40981.8
0
8987.33
820563
476954
360143
213968
43880.2
0
8556.68
766367
447683
331903
201644
36358.1
0
8557.03
790124
500866
353562
209834
38051.4
0
8871.25
774135
450262
345246
205439
41443.7
0
9138.17
806244
480517
365043
216148
47864.4
0
9412.41
812877
486052
370943
220675
43442.9
0
8418.58
746093
424394
325847
194811
40740.7
0
8442.34
776693
450370
339663
202914
40292.2
0
9282.87
831357
497918
380310
224204
44640.7
0
8806.21
771876
452538
344149
205537
42501.6
0
8943.77
748134
455018
350558
205586
43609.8
0
8209.06
754654
427976
319631
191228
41018.2
0
8506.44
699685
407263
308652
186011
37578.3
0
9672.33
797983
477087
384995
223414
49568.9
0
8393.43
775596
440581
324926
196540
38891.4
0
8353.53
704701
416128
303980
184996
36177.3
0
9562.35
846682
503198
388249
228945
47807.3
0
8710.46
809240
459814
342876
207470
40574.1
0
8444.68
733871
421225
313562
189530
37061.9
0
8441.82
773333
439196
332185
197497
40971.5
0
9702.04
874865
521407
402998
236641
50948
0
9052.92
787055
485183
370168
215388
44576.2
0
8631.56
746706
438135
333715
199363
42198.3
0
8760.87
795696
458103
335020
205820
40198.5
0
8533.15
761361
442461
338168
202432
40670.7
0
8398.47
733470
430161
319052
193235
37779.1
0
9191.66
791463
476203
363285
214997
43939.5
0
8131.03
782489
497016
333824
198377
39103.9
0
9368.19
777183
463519
364429
213303
45855.7
0
8881.62
749562
449434
337478
201822
41649.7
0
7981.41
701611
405925
293992
180457
35503.7
0
8619.43
800101
462590
351278
208586
42359
0
8924.03
821684
477978
365516
219451
42722.1
0
8143.5
747417
411834
305009
185671
38883.6
0
9010.53
802828
514455
373193
217915
44056.1
0
8554.2
790497
462077
350080
207050
41322.8
0
8943.51
771541
460422
349633
205890
43039.7
0
8900.24
775174
446376
352812
207131
44371.3
0
8222.44
747341
432808
316805
192343
36376.2
0
9466.96
827655
489440
388524
226117
51211.6
0
8810.84
793181
477721
364265
213873
43768.2
0
9400.57
865428
516457
390783
231264
46448.3
0
8306.17
711558
411934
308714
185964
37853
0
8801.19
779642
457692
342776
205635
41023.1
0
8187.74
775643
438633
317798
195193
37275.5
0
8409.98
706941
415055
311537
187187
39170.8
0
8815.53
781413
481021
354776
209562
41578
0
9240.03
806653
471468
364984
216815
45340
0
9334.52
791132
465776
361683
214744
46390.4
0
9066.27
762475
447016
350074
205351
45851
0
9491.52
808392
482920
376488
220722
48108.2
0
9147.3
836626
484512
369962
220630
42809.5
0
9327.11
811166
490224
382295
220506
48271.9
0
8344.5
791616
467610
338186
201316
41168.1
0
8440.06
730534
415770
315347
187450
42827
0
8943.34
827218
476363
360561
219342
41531.1
0
8343.51
761252
442796
330746
198192
37129
0
8309.87
730614
450023
328978
194675
39284
0
8683.02
790702
455188
345189
206018
42727.8
0
8896.94
751588
444911
347357
205276
42304.3
0
9279.82
853214
510921
389544
233033
44281.2
0
9667.04
845179
501501
379147
225230
47805.8
0
8247.18
720810
413243
306488
189989
34560.7
0
7958.99
716767
398905
296195
180334
37686.8
0
9170.25
809820
477102
370002
214957
47514.3
0
8953.67
733861
428686
330878
196171
43086.8
0
9524.75
787488
472826
368453
216308
47615.8
0
9283.59
869767
514859
392267
229036
50130.5
0
9481.92
800522
481890
370316
219937
44134.7
0
8986.5
806266
475100
360160
214065
44364.6
0
8686.37
767277
446469
337752
202271
40355.9
0
9993.73
861162
523274
415313
241476
50456.6
0
8046.37
698911
398122
286929
178720
35847.6
0
8647.34
787505
460325
339484
204360
42598.1
0
9103.26
748531
446235
344782
205593
42675.1
0
9941.01
848467
502631
396154
228915
51800.7
0
8680.43
801879
480541
350966
208381
41036.4
0
8946.47
843672
487379
366680
218846
43704.1
0
9656.74
868435
513453
400271
233599
52185.5
0
8688.4
738194
430565
326910
196266
41502.8
0
9036.18
790572
464738
352722
210589
43843.8
0
8337.56
736392
421410
309700
189347
36312.6
0
9178.33
815101
477264
366871
216621
44992.7
0
8226.75
737404
425980
313606
189787
36117.5
0
9001.36
788544
458336
347912
206301
44875.6
0
8617.76
768863
446385
335404
202049
39902.1
0
8042.12
738349
413001
304603
185278
37374.7
0
9166.43
774145
449455
344866
206047
43843
0
8711.21
812636
471960
348797
210202
39803.9
0
9487.26
848633
525711
392608
226319
50770.4
0
8762.17
744674
433076
331677
196865
40240.4
0
9038.26
788995
462706
352429
209274
43349.8
0
8811.26
828343
479104
362862
215458
42740
0
9309.4
780926
464936
369863
216481
44305.5
0
8691.77
831822
511995
362950
217267
40588.2
0
9238.91
821108
498724
376173
219597
45530.6
0
9370.31
789085
463085
354191
211730
42652.4
0
8496.42
807623
475091
341310
206174
39978.4
0
8572.45
792300
463655
343024
203438
41901.7
0
8938.7
795273
464660
350679
211589
41439.7
0
8765.74
835511
478183
358149
212242
45354
0
8876.42
749355
437783
328301
199402
40154.3
0
8569.67
729720
419575
320156
192041
40238.5
0
8502.54
742598
432384
326527
194296
39217.1
0
8999.96
761259
441201
328766
200095
41012.5
0
9272.93
779074
462411
361250
211309
48721.1
0
9163
817983
477411
361212
215170
46452.5
0
9016.09
804061
481024
369216
216554
43874.1
0
9250.79
791376
457233
351147
211306
45591.4
0
9308.16
859899
538209
388240
226571
47931.7
0
8831.39
774081
449141
350091
206595
44169.7
0
8706.72
758047
438383
323341
198635
39044.7
0
8827.41
823028
467326
358209
213957
42530.7
0
8610.22
785401
456483
343413
206656
40563.1
0
8350.1
788649
445511
333443
199208
39973.9
0
9180.71
785615
463423
355733
209537
49786.4
0
8450.26
769633
441684
332669
198603
41775.2
0
8898.98
806649
466191
350613
208332
44084.1
0
8462.33
775198
441581
326177
196453
41961.2
0
9383
811998
481065
377901
220779
48460.9
0
8445.33
743144
436301
331827
196556
42741.4
0
9018.05
782286
466494
360272
212456
44961.2
0
8705.77
802969
463285
345353
207588
43029.6
0
8949.88
855206
523511
377069
222149
46099.1
0
8707.42
752265
444428
335692
200344
39540.6
0
8315.93
716485
406817
313996
185639
41115.8
0
8659.24
760271
441576
330868
199499
42094.9
0
8809.05
811511
520811
364058
215291
40655.8
0
9205.92
773556
457216
353533
209896
43190.6
0
8909.41
841887
490838
370751
218693
44898.4
0
8917.39
765848
457863
348582
205066
44431
0
8863.86
744315
440175
333889
197877
43316.2
0
8336.45
737788
447219
330944
196492
39276.2
0
9105.19
801844
472881
360603
213692
46579.3
0
8851.34
799404
465800
355890
210180
46039.8
0
8442.77
754063
439529
326375
197463
39046.2
0
7868.69
729849
419887
300352
183354
34515.7
0
8707.73
792280
453373
346265
204838
43899
0
8231.09
710572
407502
301651
188504
36559.8
0
8593.95
792096
461128
338184
203814
41638
0
8868.04
764065
451916
343841
203399
43338.8
0
8453.15
804059
488583
351765
208366
41655.1
0
8998.1
779847
463847
351286
208627
43774.7
0
9104.84
770630
461020
357829
211181
44458.4
0
9014.51
821786
517340
374323
216733
45751
0
8636.03
787242
460830
346943
207063
43638.8
0
9044.74
778199
454953
348422
207122
42881.3
0
8883.73
796807
464193
356765
213140
41780.5
0
9025.7
760941
448811
349337
206463
45931.3
0
8720.73
758385
443197
330181
201581
41737.2
0
8726.73
800116
479949
351772
208347
42981.9
0
9139.87
776851
448818
352495
208563
43261.7
0
9107.18
787713
457203
361903
212387
43709.1
0
8981.31
804923
466225
359787
211374
45193.2
0
8733.41
811137
480763
354033
211858
42815.8
0
8901.2
784202
463956
351393
209419
40736.6
0
9134.53
749809
449819
347445
205670
44138.7
0
8218.26
785691
451425
328286
199480
39331.7
0
8680.7
820058
478353
359551
213238
43992.1
0
8925.43
804502
505045
360600
213663
39756.5
0
8771.98
747441
449049
342312
202404
42198.7
0
9555.12
837956
515560
396904
226865
51463.3
0
7904.11
733572
465555
316056
185699
39275.3
0
9975.13
850311
510843
413495
239677
52195.6
0
9362.59
865108
505073
389057
229194
46448.2
0
9301.82
833567
486527
375325
220175
47552.6
0
9443.69
824235
487355
381940
223857
47587.4
0
8678.2
791601
457135
346146
205611
43910.2
0
8856
767720
451442
345687
205079
45000.3
0
8904.45
788184
463252
346760
206400
42023.4
0
8784.46
770281
449227
342142
202615
42967.3
0
8211.33
785499
458577
334327
197974
40653.3
0
9347.95
803666
466948
363992
216263
45310.3
0
9277.58
798905
468841
365621
214520
45856.7
0
9299.67
809388
479260
364570
216354
45163.4
0
8377.07
753938
430444
331352
197806
38652.2
0
8892.49
823470
477981
362775
214447
42363.6
0
8710.24
764638
448821
339809
201034
42910.9
0
9488.24
821710
488475
384763
226168
46876.2
0
8463.56
760427
439977
326695
196569
41163.9
0
8434
762023
446831
325895
197505
38527.6
0
9465.65
805187
482613
373261
221550
46150.9
0
8633.48
827177
518061
365703
215737
41815.7
0
9099.67
806192
467249
368307
216589
47248.4
0
9100.11
796592
467938
361184
212325
45995.1
0
8391.51
749821
430462
320116
192066
39365.2
0
8569.74
780575
455248
339524
207312
37775.2
0
9265.03
828646
484140
372201
219384
44605.8
0
8757.4
816545
471432
359357
212864
42488.7
0
9118.24
769260
450198
345442
206454
44741.3
0
8365.73
749045
434919
323552
193972
37947.7
0
8763.05
818969
469855
356086
212525
42837.4
0
8952.08
768072
458175
352051
208836
43584.2
0
9118.72
791465
468993
353287
211412
43986.6
0
9470.79
822372
498130
387650
224143
46105.7
0
8836.56
770129
450453
342196
203489
41725.4
0
8550.29
780973
451834
340910
204525
41307.1
0
9329.03
803507
476413
365687
218317
44828.6
0
9688.28
829072
492428
395577
230291
48687.5
0
7972.89
755505
426958
318285
193594
37508.5
0
8813.32
799091
468980
345408
209850
40544.5
0
9418.2
810680
481492
370233
219698
46965.8
0
9010.64
772635
455223
350585
207569
44741.5
0
10045.8
854978
520203
414261
240815
51397
0
9001.81
787596
461038
357290
209014
45016.7
0
8345.66
760510
445352
330061
195012
39231.8
0
9287.16
825881
490915
376224
219799
45620.2
0
8643.97
760569
440307
333360
199963
40964.7
0
8406.72
736796
440069
332426
195928
40928
0
8590.28
795994
469248
345795
207644
43008.4
0
8566.96
824312
475175
349033
211596
38916.8
0
8623.55
825294
481549
357462
213860
42363.6
0
8279.38
773836
429885
319330
193131
38363.2
0
9430.59
882628
518253
392915
234215
46085.8
0
8766.98
837123
494275
363283
215939
43440.4
0
8171.52
772575
442805
319044
194116
38794.7
0
8282.72
765973
455291
326147
193846
41333.8
0
9293.67
815208
473037
366225
216425
47461
0
8408.04
745338
427261
320236
194004
37365.3
0
8346.89
772167
446789
329091
198279
39406.4
0
9188.47
836601
527219
381538
222626
44157.5
0
9139.11
776337
470600
352922
211090
44033.7
0
8928.71
814360
475434
356877
212154
43098.2
0
8012.85
722605
413510
303528
184608
36388.4
0
9167.15
799351
476445
371367
217050
45250.3
0
9582
831775
489468
376125
226677
41701.6
0
9578.47
830480
503178
391884
229451
48349.1
0
8783.08
797984
466879
353958
209888
42953.1
0
9476.04
854581
506038
379421
228098
45327.9
0
8761.04
793160
477449
352054
206452
44429
0
8617.91
767461
455502
345777
203843
41930.6
0
8659.38
773646
446971
340872
201214
42977.2
0
8909.92
812705
476248
354239
211644
43594.5
0
8875.66
862796
535002
384514
227435
43759.7
0
9830.96
835202
503516
391484
231634
46755.7
0
8954.92
794022
468291
357689
213181
42066
0
8912.52
806706
463526
356976
211171
43763.2
0
8817.14
799223
478337
355109
211900
41627.4
0
8941.97
828412
475643
359737
213716
42740.1
0
8932.52
776720
458071
346866
206426
42680.7
0
9413.54
812285
482925
378155
222111
44935.9
0
8742.23
772413
448231
338901
201730
40519.8
0
8382.51
747952
427695
316824
190038
39066.2
0
8854.21
775709
452774
336031
202665
40720.1
0
9066.8
817945
483156
362039
215472
42364.9
0
8828.16
761619
456655
343863
204385
41920.5
0
9051.27
826947
535634
380739
221557
47623.1
0
8593.42
803566
498652
352457
210122
41139.5
0
8990.85
773430
459272
344459
205483
45599.4
0
8502.96
783139
446049
333134
202062
37041.3
0
8929.48
740473
438816
322579
195354
42861.7
0
9128.4
790040
463614
354607
209996
42507.2
0
9235.81
862770
515065
389438
230338
44321.4
0
9005.46
784453
461679
355502
210411
43597.1
0
8662.6
793907
462442
347622
209433
40296.6
0
9013.68
805313
471089
366732
216403
43374.8
0
9433.05
819189
490643
377145
220186
47226.7
0
9767.55
898473
556558
425424
246552
50443.4
0
9066.07
766983
452221
344475
207883
42252.2
0
9013.78
798320
469445
356445
214465
43095.5
0
8546.1
738199
414771
315025
189130
41976.1
0
8863.42
830816
497870
369364
218556
44238.2
0
8919.82
823917
516216
372074
218078
42087.2
0
7755.51
726056
414125
300619
183609
35237.8
0
9446.2
841814
489061
385988
225920
48285.2
0
9802.61
898413
532372
406280
238082
51030
0
8995.2
793808
461165
346517
208019
42921.2
0
8809.95
777895
456756
339023
204715
39941.8
0
8964.95
770835
445737
338465
203844
43404.3
0
9252
796162
468095
363178
215833
45254
0
9092.54
786086
463764
356502
210881
42397.9
0
8632.29
772272
454312
344067
206556
42149.6
0
8461.06
712418
415888
312666
187767
36907.9
0
8615.56
809557
525453
361952
213008
41385.5
0
9060.73
804997
468737
352796
213278
42614.4
0
9225.57
767389
454718
348777
209814
43480.2
0
9242.33
801805
472649
368150
215382
46998.7
0
9504.44
813344
475624
372064
218673
45898.6
0
8140.63
734823
417704
305963
189439
38879.9
0
9084.93
838032
489767
368944
220360
41621.4
0
9171.96
807202
472239
365046
216378
43728.5
0
9714.82
848249
506164
398695
235163
50838.9
0
8989.83
854471
513818
374166
221481
45155.9
0
8622.42
760593
433258
332696
199927
41262.5
0
8577.09
783983
467632
342489
203673
41895.2
0
9051.52
771819
452816
341898
202694
41430
0
9250.55
780857
467388
368535
214573
46076.7
0
8714.49
770134
449624
340316
201490
43730.8
0
8729.05
782682
449960
338086
202870
41690.6
0
8805.02
766764
456649
349521
206105
41985.9
0
8786.89
734324
434970
330500
197262
43289.3
0
8843.97
769520
445466
342228
206504
41532.8
0
8242.57
781583
447818
333638
198264
40993.2
0
9126.54
721333
431588
343002
201673
43074.6
0
9440.55
806254
475307
374244
219840
48248.3
0
9167.29
833317
493408
379164
225450
46315.4
0
8784.87
802512
483264
351254
209059
39623.3
0
8629.75
800514
468702
347513
208857
40072.1
0
8772.93
772813
456930
347975
207976
40572.1
0
9297.59
817601
483711
367949
217774
47019
0
8684.78
744768
439459
335777
199620
41184
0
9273.13
817604
497868
377083
217313
49384.3
0
9139.79
751108
445453
346324
206239
44441.8
0
8959.06
777094
460364
353950
207632
44446.1
0
8498.83
755117
430272
320324
193450
40890.7
0
8661.17
778576
471597
349608
206727
40473.3
0
9097.95
812397
486286
372471
219367
44389.1
0
8585.99
758530
437485
325278
197081
42830.9
0
10011.7
916153
548244
429591
249950
53454.9
0
8958.38
780073
464289
358519
211081
45082.6
0
8338.08
756109
437665
324532
194748
40131
0
8975.75
801249
475436
360599
213851
44580
0
9336.28
835853
505915
383866
226496
46962
0
9133.17
752336
447004
339534
201099
42013.7
0
8446.28
736239
422195
314832
192097
38200.3
0
8440.69
757137
432466
325657
194720
39480.5
0
9329.47
844720
533099
392066
227767
46026.3
0
9291.25
785653
463818
360628
211947
45964.3
0
8573.49
735011
425612
323042
192855
42990.2
0
9334.87
860135
506116
388106
229967
48178.8
0
8942.14
740791
432951
328026
198098
41681.7
0
8809.08
750329
446143
338712
202674
39690.7
0
8971.18
803495
476393
356215
214515
37729.5
0
8231.62
732764
423842
311544
191042
36616.7
0
9096.84
807399
512743
371503
214528
44697.6
0
8697.37
743537
428220
336218
199360
39325.1
0
9173.3
876614
529193
389497
230401
46694.3
0
8961.07
838986
540303
380276
223602
42866.3
0
8327.54
793433
451217
331910
200597
38442.8
0
9157.62
826639
487124
370432
221581
44469.1
0
8810.01
821437
484258
365433
217400
43966
0
8876.38
729440
430863
327834
198376
42341.9
0
9507.86
794718
468671
359352
215131
45619.7
0
8975.73
815553
471644
354113
212747
44220.6
0
7852.75
718235
404311
297375
181456
33818.7
0
8548.25
806623
486381
357985
212370
41778.8
0
8582.28
713230
414587
313423
188113
37155.4
0
9107.71
810588
482823
372090
217452
45268.4
0
8274.61
738620
428393
325567
194283
39141.8
0
8691.5
791199
457360
348864
206081
44851.8
0
8615.42
769845
445335
335000
200120
39250.3
0
8534.97
761569
439748
326831
197405
38406.4
0
8835.85
752655
434703
328240
197034
40350.6
0
9253.64
831548
493731
382343
226445
43934.6
0
9295.13
782188
466780
357844
211837
44637.5
0
8608.37
772629
440023
338250
201402
40453.9
0
9304.66
811667
479401
370091
217986
47857.7
0
8955.14
780463
462723
353208
210552
42435.8
0
8970.64
779770
458513
349008
207297
42646.3
0
8738.88
784802
462156
347324
207553
42410.1
0
8832.81
843718
556728
387514
225079
46414.5
