0
7840.15
771372
451717
324697
188137
43856.8
0
9898.44
829912
500077
389324
226336
53254.8
0
7862.98
772021
452253
325414
188560
43961
0
9840.48
828264
498715
387504
225260
52990.2
0
8249.99
783028
461346
337566
195743
45728.1
0
9779.13
826518
497274
385578
224122
52710
0
7739.58
768512
449354
321540
186270
43397.5
0
9054.23
805902
480242
362817
210669
49400.2
0
8543.8
791385
468249
346791
201196
47069.6
0
8836.86
799720
475135
355992
206634
48407.7
0
8135.58
779774
458658
333973
193619
45205.7
0
8339.02
785561
463438
340361
197395
46134.6
0
7448.15
760223
442507
312390
180862
42066.9
0
11033.5
862193
526745
424962
247401
58437.4
0
8497.72
790074
467167
345344
200340
46859.2
0
8200.65
781625
460187
336017
194827
45502.8
0
8070.57
777926
457131
331932
192413
44908.8
0
9816.08
827569
498142
386738
224807
52878.8
0
9643.37
822658
494084
381315
221602
52090.2
0
9623.65
822096
493621
380696
221236
52000.1
0
9467.61
817659
489954
375797
218340
51287.7
0
7821.84
770851
451287
324123
187797
43773.2
0
10401.7
844225
511901
405126
235676
55552.7
0
8650.79
794428
470763
350150
203181
47558.1
0
9856.88
828730
499100
388019
225565
53065.1
0
8665.99
794860
471120
350627
203463
47627.5
0
7416.56
759325
441765
311398
180275
41922.7
0
9450.62
817175
489555
375263
218025
51210.1
0
7917.69
773577
453539
327132
189576
44210.8
0
7889.04
772763
452866
326232
189044
44080
0
6602.72
736179
422643
285845
165172
38206.7
0
9510.61
818882
490965
377147
219138
51484
0
6680
738376
424459
288271
166606
38559.5
0
9498.58
818540
490682
376769
218915
51429.1
0
8673.38
795070
471294
350859
203600
47661.2
0
9763.72
826080
496912
385094
223836
52639.7
0
8337.69
785523
463407
340319
197370
46128.5
0
8920.99
802112
477111
358634
208196
48791.8
0
7922.79
773723
453659
327292
189670
44234.1
0
7803.86
770340
450864
323558
187463
43691.1
0
9731.51
825164
496155
384083
223238
52492.6
0
6846.65
743116
428374
293503
169699
39320.5
0
7981.11
775381
455029
329123
190753
44500.4
0
6609.03
736358
422791
286043
165289
38235.5
0
9025.06
805072
479557
361901
210127
49267
0
8121.7
779380
458332
333538
193362
45142.3
0
9616.79
821902
493460
380481
221109
51968.8
0
8813.28
799049
474581
355252
206197
48300
0
10104.5
835773
504919
395795
230161
54195.8
0
7021.97
748103
432494
299008
172952
40121
0
9747.17
825610
496523
384574
223529
52564.1
0
8567.16
792049
468798
347524
201629
47176.2
0
10267.3
840404
508744
400907
233182
54939.2
0
9237.83
811123
484556
368582
214076
50238.5
0
8773.49
797917
473646
354003
205458
48118.4
0
9309.59
813164
486242
370835
215408
50566.1
0
7628.2
765344
446737
318043
184203
42889
0
9566.56
820473
492279
378904
220177
51739.5
0
9484.27
818133
490346
376320
218650
51363.8
0
9512.3
818930
491005
377200
219170
51491.7
0
7817.96
770741
451196
324001
187725
43755.4
0
8858.37
800331
475640
356668
207034
48505.9
0
9918.29
830477
500543
389947
226704
53345.5
0
8903.17
801606
476693
358074
207865
48710.5
0
7977
775264
454932
328994
190676
44481.6
0
6808.39
742028
427475
292302
168989
39145.8
0
8410.7
787599
465122
342612
198726
46461.9
0
8201.22
781641
460200
336034
194838
45505.4
0
7821.7
770848
451283
324118
187794
43772.5
0
7924.43
773769
453697
327344
189701
44241.6
0
8259.27
783292
461564
337857
195915
45770.4
0
6058.25
720693
409851
268749
155067
35720.7
0
7980.61
775367
455017
329108
190743
44498.1
0
8368.72
786405
464136
341294
197946
46270.2
0
7755.47
768964
449727
322039
186565
43470.1
0
8452.49
788788
466104
343924
199501
46652.7
0
7890.69
772810
452904
326284
189075
44087.5
0
10208.9
838742
507372
399072
232098
54672.4
0
8253.78
783136
461435
337685
195813
45745.4
0
8776.95
798016
473727
354111
205523
48134.2
0
8156.09
780358
459140
334617
194000
45299.3
0
8362.69
786234
463994
341104
197835
46242.7
0
8525.03
790851
467808
346202
200847
46983.9
0
8110.26
779055
458063
333179
193150
45090.1
0
6112.4
722233
411123
270449
156072
35967.9
0
6780.78
741243
426827
291435
168476
39019.7
0
9570.87
820595
492381
379039
220257
51759.1
0
8551.76
791611
468436
347041
201343
47105.9
0
9610.92
821734
493322
380296
221000
51942
0
8485.68
789732
466884
344966
200117
46804.2
0
7397.77
758790
441323
310807
179927
41836.9
0
10157.7
837287
506169
397466
231148
54438.8
0
8074.29
778032
457218
332049
192482
44925.9
0
9474.11
817844
490107
376001
218461
51317.4
0
10438.5
845273
512767
406282
236360
55720.9
0
7541.82
762887
444708
315330
182600
42494.6
0
9493.03
818382
490552
376595
218812
51403.7
0
9603.85
821534
493156
380074
220869
51909.8
0
7894.53
772919
452995
326405
189146
44105.1
0
8878.68
800909
476117
357305
207411
48598.6
0
9526.15
819324
491330
377635
219427
51555
0
9663.1
823219
494548
381935
221968
52180.3
0
9515.02
819007
491068
377285
219220
51504.1
0
8513.48
790522
467537
345839
200633
46931.2
0
9274.18
812157
485410
369723
214750
50404.5
0
9284.83
812460
485660
370058
214948
50453.1
0
7773.71
769483
450156
322611
186904
43553.4
0
8804.2
798791
474367
354967
206028
48258.6
0
9669.59
823403
494700
382138
222089
52209.9
0
7984.26
775471
455103
329222
190811
44514.8
0
9678.06
823644
494899
382404
222246
52248.6
0
8317.28
784942
462927
339679
196992
46035.3
0
8623.64
793655
470125
349298
202677
47434.1
0
7661.79
766300
447526
319097
184827
43042.4
0
7612.08
764886
446358
317536
183904
42815.4
0
8623.06
793639
470112
349279
202667
47431.5
0
7459.72
760552
442779
312753
181076
42119.7
0
9497.76
818516
490663
376743
218900
51425.4
0
8978.5
803748
478463
360440
209263
49054.4
0
7102.16
750383
434378
301526
174441
40487.1
0
8440.69
788452
465827
343553
199282
46598.8
0
9808.12
827343
497955
386488
224660
52842.4
0
8306.09
784624
462664
339327
196784
45984.2
0
9286.95
812521
485710
370124
214988
50462.8
0
7183.39
752693
436286
304076
175948
40858
0
8897.1
801433
476550
357884
207752
48682.8
0
8697.45
795755
471859
351615
204047
47771.2
0
8927.19
802289
477257
358828
208311
48820.1
0
9197.47
809976
483607
367315
213327
50054.2
0
9111.55
807532
481589
364617
211732
49661.9
0
9953.79
831486
501378
391062
227363
53507.6
0
9121.85
807825
481831
364940
211923
49709
0
7568.53
763647
445335
316169
183096
42616.6
0
9703.03
824354
495486
383188
222709
52362.6
0
8698.32
795779
471880
351643
204063
47775.1
0
8957.31
803145
477965
359774
208870
48957.6
0
8444.26
788554
465911
343665
199348
46615.1
0
8018.48
776444
455907
330297
191446
44671
0
9721.02
824866
495909
383753
223043
52444.7
0
7467.52
760774
442962
312997
181221
42155.3
0
10218.4
839012
507595
399370
232274
54715.8
0
9311.88
813229
486296
370907
215450
50576.6
0
8547
791476
468324
346891
201255
47084.2
0
9667.13
823333
494642
382061
222043
52198.7
0
8711.22
796146
472183
352047
204303
47834
0
7909.52
773345
453347
326876
189424
44173.5
0
7562.96
763489
445204
315994
182992
42591.1
0
8465.83
789167
466417
344343
199749
46713.6
0
7559.35
763386
445119
315881
182925
42574.6
0
8523.29
790801
467767
346147
200815
46976
0
10806.6
855741
521415
417839
243190
57401.5
0
8489.23
789833
466967
345077
200183
46820.5
0
9093.48
807018
481164
364050
211397
49579.4
0
7686.7
767008
448111
319879
185289
43156.1
0
9578.27
820806
492554
379271
220394
51792.9
0
9418.22
816254
488794
374246
217424
51062.2
0
9726.41
825019
496035
383923
223143
52469.3
0
8373.26
786534
464242
341436
198031
46290.9
0
9139.43
808325
482244
365493
212250
49789.2
0
8764.01
797648
473423
353705
205283
48075.1
0
8924.7
802218
477199
358750
208265
48808.8
0
8902.63
801590
476680
358057
207855
48708
0
9754.62
825821
496698
384808
223667
52598.1
0
8612.9
793350
469873
348960
202478
47385.1
0
7326.66
756768
439652
308575
178607
41512.2
0
10555.2
848590
515507
409944
238524
56253.4
0
9221
810645
484160
368054
213764
50161.7
0
8987.13
803993
478665
360710
209423
49093.8
0
8998.79
804325
478939
361077
209640
49147.1
0
8780.13
798106
473802
354211
205582
48148.7
0
8189.62
781312
459928
335670
194623
45452.4
0
10294.4
841173
509380
401756
233684
55062.7
0
8433.51
788248
465658
343328
199149
46566
0
9551.8
820053
491933
378440
219903
51672.1
0
7841.88
771422
451758
324752
188169
43864.7
0
8274.46
783724
461921
338334
196197
45839.8
0
8951.28
802974
477823
359585
208758
48930.1
0
7688.22
767051
448147
319927
185317
43163
0
6271.42
726756
414859
275442
159023
36694
0
8928.72
802332
477293
358876
208339
48827.1
0
8914.98
801941
476970
358445
208084
48764.4
0
7299.94
756008
439024
307736
178111
41390.2
0
7945.59
774371
454194
328008
190094
44338.2
0
10474.9
846308
513622
407425
237035
55887.1
0
8886.92
801143
476311
357564
207564
48636.3
0
7811.73
770564
451049
323805
187609
43727
0
9339.19
814006
486937
371764
215957
50701.3
0
7855.01
771795
452066
325164
188413
43924.6
0
8761.08
797564
473354
353613
205228
48061.7
0
8039.7
777048
456405
330963
191840
44767.9
0
9226.28
810795
484284
368219
213862
50185.8
0
6964.29
746462
431138
297197
171882
39857.6
0
9446.48
817058
489458
375133
217948
51191.2
0
9763
826060
496895
385071
223822
52636.4
0
8323.33
785114
463069
339868
197104
46062.9
0
10135.8
836662
505653
396776
230741
54338.5
0
7690.82
767125
448208
320009
185365
43174.9
0
7977.46
775277
454943
329009
190685
44483.7
0
9621.45
822034
493569
380627
221196
51990.1
0
8663.16
794780
471054
350539
203411
47614.6
0
9095.78
807084
481218
364122
211440
49589.9
0
8472.44
789355
466573
344550
199871
46743.8
0
10658
851513
517922
413171
240432
56722.7
0
7459.01
760532
442762
312730
181063
42116.5
0
8176.9
780950
459629
335271
194386
45394.4
0
8877.8
800884
476097
357278
207394
48594.6
0
6911.06
744948
429888
295526
170894
39614.5
0
9217.28
810539
484073
367937
213694
50144.7
0
8740.98
796993
472882
352982
204855
47969.9
0
9634.2
822397
493869
381027
221432
52048.3
0
8472.89
789368
466583
344564
199880
46745.8
0
6908.95
744888
429838
295460
170855
39605
0
7918.62
773604
453561
327161
189593
44215.1
0
8139.93
779898
458760
334110
193700
45225.6
0
5798.28
713299
403742
260586
150242
34533.6
0
7535.09
762696
444549
315119
182475
42463.8
0
8019.59
776476
455933
330332
191467
44676.1
0
8513.53
790524
467538
345840
200634
46931.4
0
9386.58
815354
488051
373253
216837
50917.7
0
7619.5
765097
446533
317769
184042
42849.3
0
8744.29
797087
472960
353086
204917
47985
0
10466.1
846058
513415
407149
236872
55846.9
0
8003.3
776012
455550
329820
191165
44601.7
0
7708.03
767615
448613
320549
185685
43253.5
0
8410.84
787603
465125
342616
198728
46462.5
0
7841.81
771420
451756
324750
188168
43864.4
0
8757.36
797458
473267
353496
205159
48044.7
0
9243.75
811292
484695
368768
214186
50265.5
0
8408
787522
465059
342527
198675
46449.5
0
7287.61
755657
438735
307349
177882
41333.9
0
7773.37
769473
450148
322601
186897
43551.9
0
9139.93
808339
482256
365508
212259
49791.5
0
8869.39
800645
475899
357014
207238
48556.2
0
9058.6
806026
480345
362955
210750
49420.2
0
7884.17
772624
452751
326079
188954
44057.7
0
9240.18
811190
484611
368656
214120
50249.2
0
8141.77
779951
458804
334168
193735
45234
0
8366.73
786349
464089
341231
197909
46261.1
0
8325.29
785170
463115
339930
197140
46071.9
0
7412.51
759210
441669
311270
180200
41904.2
0
8009.26
776182
455690
330007
191275
44628.9
0
8805.84
798837
474406
355018
206059
48266.1
0
8425.5
788020
465470
343076
199000
46529.4
0
7806.35
770411
450923
323636
187510
43702.4
0
8259.79
783307
461577
337873
195925
45772.8
0
8161.52
780512
459268
334788
194101
45324.1
0
6611.73
736435
422855
286127
165339
38247.8
0
8151.64
780231
459035
334478
193918
45279
0
7366.23
757893
440582
309817
179341
41692.8
0
9020.25
804935
479444
361751
210038
49245.1
0
8391.65
787057
464675
342014
198372
46374.9
0
7825.63
770959
451376
324242
187867
43790.5
0
7987.23
775555
455173
329316
190866
44528.3
0
8349.91
785870
463694
340703
197597
46184.3
0
10120.4
836225
505292
396294
230456
54268.4
0
8429.81
788143
465571
343212
199080
46549.1
0
9494.45
818422
490585
376639
218838
51410.2
0
7376.88
758196
440832
310152
179539
41741.5
0
9269.11
812013
485291
369564
214656
50381.3
0
7519
762238
444171
314614
182177
42390.4
0
6339.25
728685
416453
277572
160282
37003.7
0
8356.6
786060
463851
340913
197721
46214.8
0
7158.21
751977
435694
303286
175481
40743
0
7703.22
767478
448500
320398
185595
43231.5
0
6691.84
738713
424737
288643
166826
38613.6
0
8837.67
799743
475154
356018
206649
48411.4
0
9763.16
826064
496899
385076
223825
52637.2
0
8754.86
797388
473208
353418
205113
48033.3
0
7521.65
762314
444234
314697
182226
42402.5
0
8564.76
791981
468742
347449
201585
47165.3
0
7997.66
775852
455418
329643
191060
44576
0
7413.45
759236
441691
311300
180218
41908.4
0
10653.5
851388
517818
413033
240350
56702.6
0
8766.6
797721
473484
353786
205331
48086.9
0
7924.4
773768
453696
327343
189700
44241.4
0
9099.46
807188
481305
364237
211508
49606.7
0
10615.2
850298
516918
411830
239639
56527.7
0
8059.65
777615
456874
331589
192210
44859
0
7937.92
774153
454014
327767
189951
44303.2
0
7605.09
764687
446194
317317
183774
42783.5
0
6966.08
746513
431180
297253
171915
39865.8
0
8250.12
783032
461349
337570
195745
45728.7
0
9545.72
819880
491790
378249
219790
51644.3
0
7477.02
761044
443185
313296
181398
42198.7
0
7862
771994
452230
325384
188542
43956.5
0
10341.6
842517
510490
403239
234561
55278.4
0
5261.96
698046
391141
243747
140289
32084.8
0
8298.97
784421
462497
339104
196652
45951.7
0
9003.38
804456
479047
361221
209725
49168
0
8559.1
791820
468609
347271
201480
47139.4
0
9205.73
810211
483802
367574
213480
50091.9
0
6747.32
740291
426041
290385
167855
38867
0
9054.22
805901
480242
362817
210668
49400.1
0
8545.66
791438
468293
346849
201230
47078.1
0
8937.63
802585
477502
359156
208505
48867.8
0
6356.34
729171
416854
278109
160599
37081.7
0
6753.04
740454
426175
290564
167961
38893.1
0
9435.63
816749
489203
374793
217747
51141.7
0
8483.72
789676
466838
344904
200081
46795.3
0
7627.02
765311
446709
318006
184181
42883.6
0
7156.35
751924
435651
303227
175446
40734.6
0
7650.66
765983
447265
318748
184620
42991.6
0
8736.24
796858
472771
352833
204767
47948.3
0
9006.69
804550
479125
361325
209786
49183.1
0
10263.8
840304
508662
400796
233117
54923.2
0
8255.3
783179
461471
337732
195841
45752.3
0
8715.27
796261
472278
352174
204378
47852.5
0
9864.7
828952
499284
388265
225710
53100.8
0
8632.38
793904
470331
349572
202840
47474
0
9660.42
823143
494485
381851
221919
52168.1
0
7366.79
757910
440595
309835
179352
41695.4
0
8089.76
778471
457582
332535
192769
44996.5
0
10337
842386
510382
403095
234476
55257.5
0
9013.48
804743
479285
361538
209912
49214.1
0
11205.3
867081
530783
430358
250590
59222
0
8129.6
779605
458518
333786
193509
45178.4
0
9562.21
820349
492177
378767
220096
51719.6
0
8859.29
800357
475662
356697
207051
48510.1
0
9202.22
810111
483719
367464
213415
50075.9
0
8457.08
788918
466212
344068
199586
46673.6
0
8461.77
789052
466322
344215
199673
46695
0
9594.25
821260
492930
379773
220691
51865.9
0
8056.09
777514
456791
331478
192144
44842.8
0
9522.23
819212
491238
377512
219354
51537.1
0
7701.7
767435
448464
320350
185567
43224.6
0
8990.99
804103
478756
360832
209495
49111.4
0
10622.7
850510
517093
412063
239777
56561.6
0
8339.96
785587
463460
340390
197413
46138.9
0
10463.8
845992
513361
407076
236829
55836.4
0
8146.67
780090
458919
334322
193825
45256.3
0
7164.47
752155
435842
303482
175597
40771.6
0
8448.24
788667
466004
343790
199422
46633.3
0
9110.94
807515
481574
364598
211721
49659.1
0
9445.81
817039
489442
375112
217936
51188.1
0
7991.91
775688
455283
329463
190953
44549.7
0
8132.98
779701
458597
333892
193571
45193.8
0
8328
785247
463179
340015
197191
46084.3
0
9098.74
807168
481288
364215
211495
49603.4
0
7173.3
752406
436049
303760
175761
40811.9
0
7737.62
768456
449308
321478
186234
43388.6
0
7027.63
748263
432626
299186
173057
40146.8
0
7118.25
750841
434756
302031
174739
40560.6
0
7499.71
761690
443718
314008
181819
42302.3
0
6999.12
747452
431957
298291
172528
40016.6
0
8871.61
800708
475951
357083
207279
48566.4
0
7696.37
767283
448339
320183
185468
43200.3
0
8610.78
793290
469823
348894
202439
47375.4
0
8265.49
783469
461710
338052
196031
45798.9
0
8131.47
779658
458562
333844
193543
45186.9
0
8058.38
777579
456844
331550
192187
44853.2
0
7429.86
759703
442077
311815
180522
41983.4
0
10745
853988
519967
415904
242047
57120.1
0
7875.21
772369
452541
325798
188787
44016.8
0
7204.97
753307
436793
304754
176349
40956.6
0
8368.65
786403
464134
341291
197945
46269.9
0
7199.8
753160
436672
304591
176253
40932.9
0
8264.44
783439
461686
338019
196011
45794.1
0
8258.15
783261
461538
337822
195894
45765.3
0
9149.47
808611
482480
365808
212436
49835.1
0
8635.42
793990
470402
349667
202896
47487.9
0
9032.36
805280
479728
362131
210263
49300.4
0
8343.67
785693
463547
340507
197481
46155.8
0
7198.73
753130
436646
304558
176233
40928
0
7165.84
752194
435874
303525
175622
40777.9
0
9541.34
819756
491687
378112
219709
51624.3
0
8848.47
800050
475408
356357
206850
48460.7
0
8084.92
778334
457468
332383
192679
44974.4
0
7232.44
754088
437439
305617
176858
41082
0
8198.3
781558
460132
335943
194784
45492.1
0
8843.59
799911
475293
356204
206759
48438.4
0
8149.73
780177
458990
334418
193882
45270.3
0
7158.99
751999
435713
303310
175495
40746.6
0
9681.41
823739
494978
382510
222308
52263.9
0
9250.22
811476
484847
368971
214306
50295.1
0
8588.97
792669
469311
348209
202034
47275.8
0
9571.81
820622
492403
379068
220274
51763.4
0
8056.04
777512
456789
331476
192143
44842.5
0
7246.33
754483
437765
306053
177116
41145.4
0
8041.62
777102
456450
331023
191876
44776.6
0
9773.2
826350
497134
385392
224012
52683
0
9320.53
813476
486499
371179
215611
50616.1
0
8305.24
784600
462644
339300
196768
45980.3
0
8873.72
800768
476001
357150
207318
48576
0
8025.18
776634
456064
330507
191571
44701.6
0
7842.79
771447
451779
324780
188186
43868.8
0
9184.5
809607
483303
366908
213086
49995
0
7598.34
764495
446036
317105
183649
42752.7
0
8696.84
795737
471845
351596
204036
47768.4
0
8892.88
801313
476451
357751
207674
48663.5
0
8451.88
788770
466090
343905
199490
46649.9
0
9077.85
806573
480797
363559
211107
49508
0
10126.6
836401
505438
396488
230571
54296.7
0
10661.2
851606
517999
413274
240492
56737.6
0
8111.96
779103
458103
333232
193181
45097.8
0
9455.94
817327
489680
375430
218124
51234.4
0
7878.83
772472
452626
325912
188855
44033.4
0
8351.26
785909
463725
340745
197622
46190.4
0
10922.2
859028
524130
421468
245335
57929.2
0
9362.83
814679
487493
372507
216396
50809.2
0
10042.4
834007
503460
393845
229008
53912.3
0
9151.31
808663
482523
365865
212470
49843.5
0
7859.02
771909
452160
325290
188487
43942.9
0
9434.15
816707
489168
374746
217719
51134.9
0
9194.89
809902
483547
367234
213279
50042.5
0
9401.88
815789
488410
373733
217120
50987.6
0
7011.14
747794
432239
298668
172751
40071.5
0
10632.4
850785
517321
412368
239957
56605.9
0
10053.6
834326
503723
394197
229216
53963.4
0
7909.26
773338
453341
326867
189419
44172.3
0
9975.19
832095
501880
391734
227760
53605.3
0
8039.68
777047
456405
330962
191840
44767.8
0
9714.43
824678
495754
383546
222921
52414.6
0
6655.38
737676
423880
287498
166149
38447.1
0
7537.12
762754
444597
315183
182513
42473.1
0
9248.39
811424
484804
368914
214272
50286.7
0
7366.35
757897
440585
309821
179344
41693.4
0
8848.63
800054
475411
356362
206853
48461.4
0
7436.48
759891
442232
312023
180645
42013.6
0
8538.85
791244
468133
346635
201104
47047
0
10039.2
833916
503385
393745
228949
53897.7
0
8741.59
797010
472897
353001
204866
47972.7
0
8029.14
776747
456157
330632
191644
44719.7
0
8344.84
785726
463575
340544
197503
46161.2
0
9983.87
832342
502084
392006
227922
53644.9
0
8670.88
794999
471235
350781
203554
47649.8
0
8680.58
795275
471463
351085
203734
47694.1
0
5774.56
712625
403185
259842
149802
34425.3
0
9140.22
808347
482262
365517
212264
49792.8
0
7447.59
760207
442493
312372
180851
42064.3
0
9033.28
805306
479750
362159
210280
49304.5
0
8934.15
802487
477421
359047
208440
48851.9
0
9263.46
811853
485158
369387
214552
50355.5
0
7396
758740
441281
310752
179894
41828.8
0
9634.58
822408
493878
381039
221439
52050.1
0
7476.27
761023
443167
313272
181384
42195.3
0
8285.01
784025
462169
338665
196393
45888
0
6190.63
724458
412961
272906
157524
36325.1
0
8026.14
776662
456087
330537
191589
44706
0
8569.08
792104
468843
347585
201665
47185
0
7121.41
750931
434830
302130
174798
40575
0
8603.64
793087
469655
348670
202306
47342.8
0
7838.47
771325
451677
324645
188106
43849.1
0
8712.09
796171
472203
352075
204319
47838
0
10401.9
844230
511905
405131
235679
55553.5
0
9084.9
806774
480963
363780
211238
49540.2
0
10119.9
836209
505279
396276
230445
54265.8
0
8016.5
776388
455860
330235
191410
44662
0
10081.4
835116
504377
395070
229732
54090.4
0
9963.45
831761
501604
391365
227542
53551.7
0
7439.57
759979
442305
312120
180702
42027.7
0
9860.4
828830
499183
388130
225630
53081.1
0
8193
781408
460007
335776
194685
45467.9
0
10869.6
857533
522895
419817
244360
57689.2
0
7463.38
760657
442865
312868
181144
42136.5
0
9611.12
821740
493326
380303
221004
51943
0
8729.51
796667
472613
352622
204642
47917.6
0
8004.11
776035
455569
329845
191180
44605.4
0
8061.19
777659
456910
331638
192239
44866
0
8507.58
790355
467398
345654
200523
46904.2
0
7457.42
760487
442725
312681
181034
42109.2
0
9672.24
823479
494762
382222
222138
52222
0
9068.61
806311
480580
363269
210935
49465.9
0
8233.47
782559
460958
337047
195436
45652.7
0
8700.98
795855
471942
351726
204113
47787.3
0
9005.45
804514
479096
361286
209763
49177.5
0
6375.29
729710
417300
278704
160951
37168.3
0
10498.2
846970
514169
408156
237467
55993.4
0
9797.97
827054
497716
386169
224471
52796.1
0
9636.67
822467
493927
381105
221478
52059.6
0
8543.76
791384
468249
346790
201195
47069.4
0
8722.7
796473
472453
352408
204516
47886.5
0
8694.6
795673
471792
351526
203994
47758.1
0
9289.24
812586
485764
370196
215030
50473.2
0
7878.99
772477
452629
325917
188858
44034.1
0
9299.15
812868
485997
370507
215214
50518.5
0
7279.69
755432
438549
307100
177735
41297.7
0
9177.4
809405
483136
366685
212954
49962.6
0
8228.04
782404
460831
336877
195336
45627.9
0
7597.19
764462
446008
317069
183628
42747.4
0
8647.58
794336
470688
350049
203122
47543.4
0
10261.8
840247
508615
400734
233080
54914
0
8310.9
784761
462777
339478
196873
46006.2
0
7628.4
765350
446742
318049
184207
42889.9
0
7936.24
774105
453975
327715
189920
44295.5
0
9007.7
804578
479149
361356
209805
49187.7
0
8688.45
795499
471648
351332
203880
47730.1
0
9070.46
806363
480623
363327
210970
49474.3
0
9004.08
804475
479064
361243
209738
49171.2
0
9060.99
806094
480401
363029
210794
49431
0
8523.28
790801
467767
346146
200815
46975.9
0
7839.64
771358
451705
324682
188127
43854.4
0
11902.5
886910
547164
452249
263529
62405.4
0
7841.98
771424
451760
324755
188171
43865.1
0
7288.44
755681
438754
307375
177898
41337.7
0
8198.95
781577
460147
335963
194796
45495
0
9894.15
829790
499976
389189
226256
53235.2
0
8191.18
781356
459964
335719
194651
45459.5
0
8472.59
789359
466576
344555
199874
46744.4
0
6944.54
745900
430674
296577
171515
39767.4
0
7495.22
761562
443613
313867
181735
42281.8
0
8832.2
799587
475025
355846
206548
48386.4
0
7603.51
764642
446157
317267
183745
42776.3
0
7961.17
774814
454560
328497
190383
44409.3
0
8775.81
797983
473700
354075
205501
48128.9
0
10573.6
849115
515941
410524
238867
56337.7
0
8637.41
794047
470449
349730
202933
47497
0
7783.56
769763
450387
322921
187087
43598.4
0
8522.14
790769
467740
346111
200794
46970.7
0
7788.43
769901
450502
323073
187177
43620.6
0
7672.48
766603
447777
319433
185025
43091.2
0
7407.97
759081
441563
311128
180116
41883.5
0
8304.52
784579
462627
339278
196755
45977
0
9475.41
817881
490138
376042
218485
51323.3
0
8169.38
780736
459452
335035
194247
45360
0
9728.52
825079
496085
383989
223183
52479
0
9902
830013
500161
389436
226402
53271.1
0
9255.98
811640
484982
369152
214413
50321.4
0
8383.41
786823
464481
341755
198219
46337.2
0
9141.7
808390
482297
365564
212292
49799.6
0
7523.82
762376
444285
314765
182266
42412.4
0
7605.71
764705
446209
317337
183786
42786.3
0
7730.14
768243
449132
321243
186095
43354.4
0
9633.69
822382
493857
381011
221423
52046
0
6937.91
745712
430519
296369
171392
39737.2
0
8392.68
787087
464699
342046
198391
46379.6
0
7126.52
751076
434950
302291
174893
40598.3
0
7799.9
770227
450771
323434
187390
43673
0
8299.25
784429
462504
339112
196657
45953
0
8294.76
784302
462398
338971
196574
45932.5
0
9294.13
812725
485878
370350
215121
50495.6
0
9640.62
822579
494019
381229
221551
52077.6
0
10416.6
844649
512252
405594
235953
55620.8
0
8849.02
800066
475421
356374
206860
48463.2
0
7909.78
773352
453353
326884
189429
44174.7
0
8345.95
785758
463601
340579
197524
46166.2
0
10208.7
838736
507367
399065
232094
54671.5
0
9054.95
805922
480259
362840
210682
49403.5
0
7599.3
764522
446058
317135
183667
42757
0
9397.57
815667
488309
373598
217041
50967.9
0
9798.31
827064
497724
386180
224478
52797.6
0
8654.6
794536
470853
350270
203252
47575.5
0
10185.9
838087
506830
398349
231670
54567.2
0
9109.54
807475
481542
364554
211695
49652.8
0
8696.3
795722
471832
351579
204026
47765.9
0
8363
786243
464001
341114
197840
46244.1
0
8352.93
785956
463765
340798
197653
46198.1
0
8696.29
795722
471832
351579
204026
47765.9
0
7884.34
772629
452755
326085
188957
44058.5
0
7188.18
752830
436399
304227
176037
40879.9
0
8264.13
783431
461679
338010
196005
45792.7
0
8053.87
777451
456738
331408
192103
44832.6
0
7678.74
766782
447925
319629
185141
43119.8
0
9812.26
827461
498052
386618
224737
52861.3
0
6999.13
747453
431957
298291
172528
40016.7
0
8602.4
793051
469626
348631
202283
47337.2
0
8484.34
789693
466852
344924
200092
46798.1
0
8312.96
784820
462826
339543
196912
46015.6
0
7866.44
772120
452335
325523
188625
43976.8
0
9542.51
819789
491714
378148
219730
51629.7
0
9486.12
818185
490389
376378
218684
51372.2
0
8092.16
778540
457638
332610
192814
45007.4
0
9704.9
824407
495530
383247
222744
52371.1
0
8096.74
778670
457746
332754
192899
45028.3
0
8903.56
801617
476702
358087
207872
48712.2
0
9704.08
824384
495510
383221
222729
52367.4
0
9043.9
805608
479999
362493
210477
49353.1
0
7393.87
758680
441231
310685
179854
41819.1
0
8561.97
791901
468676
347361
201533
47152.5
0
8261.91
783367
461626
337940
195964
45782.5
0
8160.07
780471
459233
334742
194074
45317.5
0
9312.81
813256
486318
370936
215468
50580.9
0
7459.66
760551
442777
312751
181075
42119.4
0
9404.07
815852
488462
373802
217161
50997.6
0
8011.82
776255
455750
330087
191323
44640.6
0
9870.93
829130
499431
388460
225826
53129.2
0
8427.19
788068
465510
343130
199032
46537.2
0
8393.82
787119
464725
342082
198412
46384.8
0
8493.81
789963
467075
345221
200268
46841.3
0
8178.1
780984
459657
335308
194409
45399.8
0
8417.32
787788
465278
342820
198848
46492.1
0
8025.33
776639
456068
330512
191574
44702.3
0
8101.96
778818
457868
332918
192996
45052.2
0
8216.21
782068
460552
336505
195116
45573.8
0
6657.51
737737
423931
287565
166189
38456.9
0
8784.31
798225
473900
354342
205659
48167.8
0
8159.14
780445
459212
334713
194057
45313.3
0
8379.42
786710
464387
341630
198145
46319.1
0
7668.73
766497
447689
319315
184956
43074.1
0
8526.34
790888
467839
346243
200872
46989.9
0
7785.03
769805
450422
322967
187114
43605.1
0
9073.84
806459
480703
363433
211032
49489.7
0
9322.66
813536
486549
371246
215650
50625.9
0
9491.33
818333
490512
376542
218781
51396
0
7873.55
772322
452502
325746
188757
44009.3
0
7829.43
771067
451465
324361
187938
43807.8
0
9591.03
821169
492854
379672
220631
51851.2
0
7090.39
750048
434101
301156
174222
40433.4
0
9188.15
809711
483389
367022
213154
50011.7
0
10092.9
835443
504646
395430
229945
54142.7
0
7147.6
751675
435445
302953
175284
40694.6
0
8536.54
791178
468079
346563
201061
47036.5
0
8523.95
790820
467783
346168
200827
46979
0
8572.23
792193
468917
347683
201723
47199.4
0
7710.33
767680
448667
320621
185727
43264
0
8730.87
796705
472645
352664
204667
47923.7
0
7093.91
750148
434184
301267
174288
40449.5
0
6400.15
730417
417884
279484
161412
37281.8
0
9327.32
813669
486658
371392
215737
50647.1
0
10497.7
846957
514158
408141
237458
55991.2
0
9791.38
826867
497562
385962
224349
52766
0
9463.3
817536
489853
375661
218260
51268
0
10175.4
837789
506585
398020
231476
54519.5
0
8239.37
782726
461097
337232
195546
45679.6
0
9378.68
815129
487865
373004
216690
50881.6
0
9701.84
824320
495458
383151
222687
52357.1
0
8838.19
799757
475166
356034
206659
48413.8
0
9363.62
814701
487511
372531
216410
50812.8
0
9154.59
808756
482600
365968
212531
49858.4
0
8502.19
790201
467272
345484
200423
46879.6
0
8619.79
793546
470035
349177
202606
47416.6
0
8330.76
785326
463244
340102
197242
46096.9
0
9856.99
828733
499103
388023
225567
53065.6
0
8067.09
777827
457049
331823
192348
44893
0
8340.41
785600
463471
340405
197421
46140.9
0
10002
832858
502511
392576
228258
53727.8
0
8199.92
781605
460170
335994
194814
45499.5
0
9355.25
814463
487315
372269
216255
50774.6
0
8240.25
782751
461117
337260
195562
45683.6
0
8053.18
777431
456722
331386
192090
44829.4
0
7593.22
764349
445915
316944
183554
42729.3
0
8791.3
798424
474064
354562
205789
48199.7
0
10364.1
843154
511017
403944
234977
55380.8
0
9671.83
823467
494753
382209
222130
52220.1
0
8969.18
803483
478244
360147
209090
49011.9
0
8798.73
798635
474239
354795
205927
48233.6
0
9006.74
804551
479126
361326
209787
49183.4
0
8668.47
794930
471179
350705
203509
47638.8
0
7894.6
772921
452996
326407
189147
44105.4
0
8878.54
800905
476114
357301
207408
48598
0
9616.47
821893
493452
380471
221103
51967.4
0
8345.66
785749
463594
340569
197518
46164.9
0
8618.49
793509
470004
349136
202582
47410.6
0
6892.25
744413
429446
294935
170545
39528.7
0
9165.01
809052
482845
366296
212724
49906
0
9189.26
809742
483415
367057
213175
50016.8
0
8941.6
802699
477596
359281
208578
48885.9
0
10043
834023
503473
393862
229018
53914.8
0
7896.47
772974
453040
326466
189182
44113.9
0
9612.75
821787
493365
380354
221034
51950.4
0
9590.72
821160
492847
379662
220625
51849.8
0
8680.38
795269
471458
351079
203730
47693.2
0
9084.74
806770
480959
363775
211235
49539.5
0
6963.72
746446
431125
297179
171871
39855
0
8740.91
796991
472881
352980
204854
47969.6
0
8190.14
781326
459940
335687
194632
45454.8
0
6575.76
735412
422010
284998
164671
38083.6
0
8269.7
783589
461809
338185
196109
45818.1
0
9255.74
811633
484977
369145
214408
50320.3
0
8324.87
785158
463105
339917
197132
46070
0
9455.71
817320
489675
375423
218119
51233.3
0
6597.04
736017
422510
285666
165066
38180.8
0
9428.55
816548
489037
374570
217615
51109.3
0
7773.93
769489
450161
322618
186908
43554.4
0
8992.8
804155
478799
360888
209528
49119.7
0
7280.49
755455
438568
307125
177750
41301.4
0
8672.83
795054
471281
350842
203590
47658.7
0
7669.33
766514
447703
319334
184967
43076.8
0
7558.48
763361
445099
315853
182909
42570.6
0
9647.39
822772
494179
381441
221677
52108.5
0
7533.98
762664
444523
315084
182455
42458.8
0
8252.38
783096
461402
337641
195787
45739
0
7176.79
752506
436131
303869
175826
40827.9
0
9405.84
815902
488503
373857
217194
51005.6
0
9125.43
807927
481915
365053
211990
49725.3
0
7298.55
755969
438992
307692
178085
41383.8
0
9733.97
825234
496213
384160
223284
52503.9
0
9270.64
812057
485327
369612
214685
50388.3
0
7029.31
748311
432666
299239
173089
40154.5
0
8930.27
802376
477330
358925
208368
48834.2
0
9507.57
818795
490893
377051
219082
51470.1
0
9048.13
805728
480099
362626
210555
49372.4
0
7005.54
747635
432108
298492
172647
40046
0
7996.2
775811
455383
329597
191033
44569.3
0
7484.89
761268
443370
313543
181544
42234.7
0
7723.51
768055
448976
321035
185972
43324.2
0
8796.36
798568
474183
354721
205883
48222.8
0
7988.56
775593
455204
329357
190891
44534.4
0
8435.03
788291
465694
343375
199177
46572.9
0
8042.45
777126
456470
331049
191891
44780.5
0
8481.63
789617
466789
344839
200042
46785.7
0
9898.39
829910
500076
389322
226335
53254.6
0
9180.17
809484
483201
366772
213006
49975.3
0
8343.05
785675
463533
340488
197470
46153
0
9585.19
821003
492717
379488
220522
51824.5
0
7755.55
768966
449729
322041
186567
43470.5
0
8544.16
791395
468258
346802
201202
47071.2
0
8835.23
799673
475097
355941
206604
48400.3
0
6389.18
730105
417626
279140
161209
37231.7
0
6703.87
739055
425020
289020
167049
38668.6
0
9658.18
823079
494432
381780
221877
52157.8
0
6871.92
743835
428968
294297
170168
39435.8
0
7590.08
764260
445841
316846
183496
42714.9
0
9571.25
820606
492390
379051
220264
51760.9
0
6790.49
741519
427055
291740
168656
39064.1
0
8683.76
795365
471538
351185
203793
47708.7
0
8534.38
791117
468028
346495
201021
47026.6
0
10000.6
832816
502476
392530
228231
53721.1
0
9946.44
831277
501205
390831
227227
53474
0
9181.45
809520
483231
366812
213030
49981.1
0
9124.29
807894
481888
365017
211969
49720.1
0
8107.78
778984
458005
333101
193104
45078.8
0
8010.59
776220
455721
330049
191300
44635
0
7943.75
774319
454151
327950
190059
44329.8
0
6910.83
744942
429882
295519
170890
39613.5
0
7017.86
747986
432397
298879
172876
40102.2
0
6861.09
743527
428714
293957
169967
39386.4
0
9066.83
806260
480538
363213
210902
49457.7
0
10288
840991
509230
401556
233566
55033.6
0
8722.31
796462
472444
352396
204509
47884.7
0
9109.7
807480
481545
364559
211698
49653.5
0
7300.21
756016
439031
307744
178116
41391.4
0
7920.1
773646
453595
327208
189621
44221.8
0
9992.49
832587
502287
392277
228081
53684.3
0
8280.34
783892
462059
338519
196306
45866.6
0
8802.68
798748
474332
354919
206000
48251.7
0
8107.82
778985
458006
333102
193104
45078.9
0
7668.57
766492
447686
319310
184952
43073.3
0
9133.8
808165
482112
365316
212145
49763.5
0
8041.97
777112
456459
331034
191882
44778.3
0
8636.73
794028
470433
349709
202920
47493.9
0
8159.3
780449
459215
334718
194060
45314
0
9098.73
807167
481288
364215
211494
49603.4
0
8362.99
786242
464001
341114
197840
46244
0
8713.72
796217
472242
352126
204349
47845.5
0
8849.81
800088
475439
356399
206875
48466.8
0
9218.83
810583
484109
367985
213723
50151.7
0
7955.07
774641
454417
328306
190270
44381.5
0
9241.65
811232
484646
368702
214147
50256
0
8305.64
784611
462654
339313
196776
45982.1
0
9867.56
829034
499351
388354
225763
53113.8
0
6979.06
746882
431485
297661
172156
39925.1
0
9145.63
808501
482390
365687
212365
49817.6
0
7335.93
757032
439870
308866
178779
41554.5
0
7982.02
775407
455050
329152
190770
44504.5
0
6875.62
743940
429055
294413
170236
39452.7
0
7576.3
763868
445518
316413
183240
42652
0
9397.74
815671
488313
373603
217044
50968.6
0
9943.68
831199
501140
390744
227176
53461.4
0
8738.82
796931
472831
352914
204815
47960.1
0
9180.75
809500
483215
366790
213017
49977.9
0
8377.66
786660
464346
341574
198112
46311
0
7046.16
748790
433062
299768
173401
40231.4
0
7001.62
747524
432015
298369
172575
40028.1
0
8503.21
790230
467296
345516
200442
46884.3
0
7617.27
765033
446480
317699
184000
42839.1
0
8732.58
796754
472685
352718
204699
47931.6
0
10980.1
860676
525492
423287
246411
58193.8
0
8500.38
790150
467229
345427
200390
46871.3
0
10332.8
842265
510282
402962
234397
55238
0
10141.8
836834
505796
396966
230853
54366.2
0
8173.41
780851
459547
335161
194322
45378.4
0
8963.1
803310
478101
359956
208977
48984.1
0
8119.6
779320
458283
333472
193323
45132.7
0
8836.12
799698
475117
355969
206621
48404.3
0
8973.14
803595
478337
360271
209164
49029.9
0
7482.67
761205
443318
313473
181502
42224.5
0
9131.23
808092
482051
365235
212098
49751.8
0
8181.32
781075
459733
335410
194468
45414.5
0
8271.4
783637
461849
338238
196140
45825.8
0
6765.52
740809
426468
290956
168193
38950
0
9817.38
827607
498173
386779
224832
52884.7
0
7418.52
759381
441810
311459
180312
41931.6
0
9504.13
818697
490812
376943
219018
51454.4
0
6276.15
726891
414970
275591
159111
36715.6
0
7402.46
758924
441433
310955
180014
41858.3
0
9271.41
812078
485345
369636
214699
50391.8
0
7950.23
774503
454303
328154
190180
44359.4
0
9311.97
813232
486298
370910
215452
50577
0
8608.34
793220
469766
348817
202393
47364.3
0
8642.11
794181
470559
349877
203020
47518.5
0
9125.11
807918
481907
365043
211984
49723.8
0
8819.01
799212
474716
355432
206303
48326.2
0
8010.03
776204
455708
330031
191290
44632.4
0
9186.81
809672
483357
366980
213129
50005.6
0
9106.79
807397
481477
364467
211644
49640.2
0
5920.8
716784
406621
264433
152516
35093.1
0
7899.33
773055
453107
326556
189235
44127
0
8507.14
790342
467388
345640
200515
46902.2
0
8177.09
780955
459633
335277
194390
45395.2
0
10940.1
859538
524552
422031
245668
58011.1
0
8510.35
790433
467463
345740
200575
46916.9
0
9227.15
810820
484305
368247
213878
50189.7
0
8610.86
793292
469825
348896
202440
47375.8
0
9114.91
807628
481668
364723
211795
49677.3
0
7998.77
775884
455444
329678
191081
44581
0
7160.75
752050
435754
303366
175528
40754.7
0
7194.39
753006
436544
304422
176152
40908.2
0
8984.44
803917
478602
360626
209373
49081.6
0
9219.4
810599
484123
368003
213734
50154.4
0
8127.3
779539
458463
333713
193466
45167.9
0
8197.78
781544
460120
335927
194774
45489.7
0
7963.08
774868
454605
328557
190418
44418
0
10399.7
844168
511854
405062
235638
55543.5
0
6657.63
737740
423933
287569
166191
38457.4
0
7999.2
775896
455454
329691
191088
44583
0
9435.63
816749
489203
374793
217747
51141.6
0
7026.69
748237
432604
299156
173040
40142.5
0
6257.16
726350
414524
274994
158758
36628.9
0
9374.26
815004
487761
372866
216608
50861.4
0
9199.4
810031
483653
367375
213363
50063
0
8525.37
790861
467816
346212
200854
46985.5
0
7797.83
770168
450722
323369
187351
43663.5
0
8926.2
802261
477234
358798
208293
48815.6
0
8699.4
795810
471905
351676
204083
47780.1
0
8351.35
785911
463728
340748
197624
46190.9
0
9254.04
811585
484937
369091
214377
50312.5
0
9816.86
827592
498160
386762
224822
52882.3
0
9332.55
813818
486781
371556
215834
50671
0
7137.9
751400
435217
302648
175104
40650.3
0
10763.2
854505
520394
416475
242384
57203.1
0
9007.08
804561
479134
361337
209793
49184.9
0
8516.7
790614
467613
345940
200693
46945.9
0
10300.4
841344
509521
401945
233796
55090.1
0
9510.88
818889
490971
377155
219143
51485.3
0
8716.81
796305
472314
352223
204406
47859.5
0
9449.49
817143
489529
375228
218004
51205
0
8101.78
778813
457864
332912
192992
45051.4
0
11099.8
864080
528304
427045
248632
58740.3
0
6643.45
737337
423600
287123
165928
38392.7
0
7728.42
768194
449092
321189
186063
43346.6
0
7812.66
770590
451071
323834
187627
43731.2
0
8930.54
802384
477336
358934
208373
48835.4
0
8996.36
804256
478882
361000
209595
49136
0
8847.61
800025
475387
356330
206834
48456.8
0
8937.35
802577
477496
359147
208499
48866.5
0
10836.6
856594
522119
418780
243747
57538.4
0
10017.3
833292
502870
393056
228542
53797.5
0
8089.42
778462
457574
332524
192763
44994.9
0
9674.8
823551
494823
382302
222186
52233.7
0
8518.78
790673
467662
346005
200731
46955.4
0
7466.37
760742
442935
312962
181200
42150.1
0
8817.43
799167
474678
355382
206274
48319
0
7800.81
770253
450793
323462
187407
43677.1
0
8795.69
798549
474168
354700
205870
48219.7
0
8422.91
787946
465409
342995
198952
46517.6
0
7243.01
754389
437687
305948
177055
41130.2
0
9418.32
816257
488796
374249
217426
51062.6
0
7236.08
754192
437524
305731
176926
41098.6
0
9530.02
819434
491421
377756
219499
51572.6
0
7539.66
762826
444657
315263
182560
42484.7
0
7458.39
760515
442747
312711
181052
42113.7
0
10491.9
846791
514021
407959
237351
55964.7
0
9862.12
828879
499224
388184
225662
53089
0
7589.91
764255
445837
316840
183493
42714.2
0
7980.25
775357
455009
329096
190737
44496.4
0
9175.69
809356
483096
366631
212923
49954.8
0
8098.46
778719
457786
332808
192931
45036.2
0
8400.88
787320
464891
342303
198543
46417
0
9940.6
831111
501067
390648
227118
53447.3
0
8734.76
796816
472736
352787
204740
47941.5
0
8833.9
799635
475065
355899
206579
48394.2
0
7220.12
753738
437149
305230
176630
41025.7
0
9617.5
821922
493476
380503
221122
51972.1
0
9686.16
823874
495089
382659
222396
52285.6
0
8667.18
794894
471148
350665
203485
47633
0
10621.2
850468
517059
412018
239750
56555
0
7701.38
767425
448456
320340
185561
43223.1
0
8516.25
790601
467602
345926
200684
46943.8
0
9301.79
812943
486059
370590
215263
50530.6
0
11006
861413
526100
424100
246891
58312
0
8057.4
777551
456821
331519
192169
44848.7
0
7984.56
775479
455110
329232
190817
44516.1
0
9314.78
813312
486364
370998
215504
50589.8
0
7067.5
749397
433563
300438
173797
40328.8
0
8785.23
798251
473922
354371
205676
48172
0
7568.52
763647
445335
316169
183096
42616.5
0
7919.71
773635
453586
327196
189613
44220
0
6853.36
743307
428532
293714
169823
39351.1
0
9160.83
808934
482747
366164
212647
49886.9
0
7535.79
762716
444566
315141
182488
42467
0
9321.32
813498
486517
371203
215625
50619.7
0
8482.38
789638
466806
344862
200056
46789.2
0
9887.14
829590
499811
388969
226126
53203.2
0
8870.82
800686
475933
357059
207265
48562.8
0
8433.43
788246
465656
343325
199147
46565.6
0
9501.73
818629
490756
376868
218974
51443.5
0
9154.67
808758
482602
365971
212533
49858.8
0
8660.9
794715
471001
350467
203369
47604.3
0
9390.74
815472
488148
373383
216914
50936.7
0
8451.53
788760
466081
343894
199483
46648.3
0
10413.5
844562
512180
405497
235896
55606.8
0
8578.06
792359
469054
347866
201831
47226
0
7463.18
760651
442860
312861
181141
42135.5
0
8706.61
796015
472075
351903
204217
47813
0
7275.43
755311
438449
306966
177656
41278.3
0
9601.4
821464
493098
379998
220823
51898.6
0
9642.84
822642
494072
381298
221592
52087.7
0
9091.92
806974
481128
364001
211368
49572.3
0
8856.9
800290
475606
356622
207006
48499.2
0
8840.14
799813
475212
356095
206695
48422.7
0
9470.41
817738
490020
375885
218392
51300.5
0
7810.76
770536
451026
323775
187591
43722.6
0
10335.8
842352
510354
403057
234454
55252
0
8343.88
785699
463552
340514
197485
46156.8
0
9520.75
819170
491203
377465
219326
51530.3
0
8732.42
796749
472681
352713
204696
47930.8
0
9005.4
804513
479095
361284
209762
49177.2
0
8204.16
781725
460270
336127
194892
45518.8
0
10226.1
839230
507775
399611
232416
54750.7
0
9248.95
811440
484817
368931
214282
50289.3
0
8132.98
779701
458597
333892
193571
45193.8
0
10105.5
835802
504943
395826
230179
54200.4
0
8214.46
782018
460511
336450
195083
45565.8
0
8129.32
779596
458511
333777
193503
45177.1
0
10302.4
841400
509567
402006
233832
55099.1
0
7956.4
774678
454448
328348
190294
44387.6
0
10046.8
834133
503564
393983
229090
53932.4
0
7928.58
773887
453794
327474
189778
44260.5
0
7345.84
757314
440103
309177
178963
41599.8
0
7683.94
766929
448047
319793
185238
43143.5
0
9065.05
806210
480496
363157
210869
49449.6
0
8808.74
798920
474474
355109
206113
48279.3
0
9017.1
804846
479370
361652
209979
49230.7
0
7135.64
751335
435164
302577
175062
40640
0
9155.87
808792
482630
366009
212555
49864.3
0
8763.46
797632
473410
353688
205272
48072.5
0
9267.44
811966
485251
369512
214625
50373.7
0
9077.46
806562
480788
363547
211100
49506.3
0
9425.67
816466
488969
374480
217562
51096.2
0
8036.17
776947
456322
330852
191775
44751.8
0
9564.71
820420
492236
378845
220142
51731
0
8431.14
788181
465602
343254
199105
46555.2
0
7964.41
774906
454636
328599
190443
44424.1
0
8422.62
787938
465402
342986
198947
46516.3
0
9604.5
821552
493171
380095
220881
51912.7
0
7457.43
760487
442725
312681
181034
42109.3
0
9242.42
811254
484664
368726
214161
50259.5
0
8418.11
787810
465296
342844
198863
46495.7
0
8909.2
801777
476835
358264
207977
48738
0
8817.32
799164
474676
355379
206272
48318.5
0
9224
810730
484231
368148
213819
50175.4
0
8415.5
787736
465235
342762
198815
46483.8
0
9241.98
811242
484653
368712
214153
50257.5
0
8266.13
783488
461725
338072
196042
45801.8
0
8515.08
790568
467575
345889
200663
46938.5
0
8030.3
776780
456184
330668
191666
44725
0
7109.58
750594
434552
301759
174578
40521
0
9577.21
820776
492530
379238
220374
51788.1
0
9729.6
825110
496110
384023
223203
52483.9
0
8795.52
798544
474164
354694
205867
48218.9
0
10328.4
842141
510179
402824
234316
55218.1
0
9051.41
805822
480176
362729
210616
49387.3
0
8677.57
795189
471392
350991
203678
47680.4
0
6934.68
745620
430443
296267
171332
39722.4
0
9164.6
809041
482835
366283
212717
49904.2
0
8854.16
800211
475541
356535
206955
48486.7
0
8058.82
777591
456855
331563
192195
44855.2
0
7522.71
762344
444258
314730
182245
42407.3
0
7887.05
772706
452819
326170
189007
44070.9
0
8017.71
776422
455889
330273
191432
44667.5
0
9443.17
816964
489380
375029
217887
51176.1
0
9412.26
816085
488654
374059
217313
51035
0
7956.32
774676
454446
328345
190293
44387.2
0
8173.6
780856
459551
335167
194325
45379.3
0
8573.19
792221
468940
347714
201741
47203.8
0
8415.45
787734
465234
342761
198814
46483.5
0
10065.9
834674
504011
394582
229444
54019.4
0
7955.32
774648
454423
328314
190274
44382.6
0
8402.74
787373
464935
342362
198578
46425.5
0
9267.81
811976
485260
369523
214632
50375.4
0
9500.84
818604
490735
376840
218957
51439.4
0
8836.2
799701
475119
355972
206622
48404.7
0
8995.38
804228
478859
360970
209576
49131.5
0
7011.99
747819
432259
298695
172767
40075.4
0
8932.83
802449
477390
359006
208416
48845.9
0
8465.26
789151
466404
344325
199738
46711
0
9108.7
807451
481522
364527
211679
49648.9
0
9090.72
806939
481099
363963
211346
49566.8
0
5932.92
717129
406906
264814
152741
35148.4
0
7564.69
763538
445245
316049
183025
42599
0
8636.02
794007
470416
349686
202907
47490.7
0
9256.55
811656
484996
369170
214423
50324
0
9879.99
829387
499644
388745
225994
53170.6
0
9654.04
822961
494335
381650
221800
52138.9
0
8410.23
787586
465111
342597
198717
46459.7
0
8094.31
778601
457688
332678
192854
45017.2
0
9698.87
824236
495388
383058
222632
52343.6
0
7793.43
770043
450619
323230
187270
43643.4
0
8062.92
777708
456951
331692
192271
44873.9
0
9088.01
806863
481036
363878
211296
49554.5
0
9165.47
809066
482856
366310
212733
49908.1
0
8921.23
802119
477117
358641
208200
48792.9
0
9432.71
816666
489134
374701
217693
51128.3
0
9204.22
810168
483766
367527
213452
50085
0
6691.4
738701
424727
288629
166817
38611.6
0
10102.3
835709
504866
395724
230119
54185.5
0
8155.19
780332
459119
334589
193983
45295.2
0
9546.64
819906
491811
378278
219807
51648.5
0
9243.44
811283
484688
368758
214180
50264.1
0
8483.02
789656
466821
344882
200068
46792.1
