0
8757.97
805769
477669
355086
206056
48187.6
0
8827.08
812146
481627
358091
207809
48577.6
0
8860.87
815264
483563
359560
208666
48768.4
0
8862.41
815407
483651
359627
208706
48777.1
0
8583.58
790262
468183
347747
201656
47273.3
0
8789.59
808687
479480
356461
206858
48366.1
0
8863.4
815498
483708
359670
208731
48782.7
0
8608.35
792221
469322
348688
202271
47374.1
0
8630.66
794022
470378
349550
202825
47469
0
8543.88
787120
466357
346239
200672
47111.7
0
8612.08
792517
469494
348829
202363
47389.3
0
8536.3
786520
466008
345951
200484
47080.9
0
8665.39
797226
472367
351060
203707
47665
0
8606.3
792060
469228
348610
202220
47365.8
0
8596.69
791299
468786
348245
201981
47326.6
0
8804.86
810096
480355
357125
207245
48452.2
0
8736.27
803767
476427
354142
205505
48065.1
0
8539.77
786795
466168
346083
200570
47095
0
8680.77
798646
473248
351729
204097
47751.9
0
8882.09
817223
484778
360483
209205
48888.2
0
8706.97
801063
474749
352868
204762
47899.7
0
8743.34
804419
476831
354449
205684
48105
0
8359.54
772532
457877
339237
196100
46361.5
0
8579.06
789904
467975
347575
201544
47254.9
0
8781.33
807925
479007
356101
206648
48319.4
0
8409.28
776468
460165
341126
197334
46563.9
0
8401.38
775843
459802
340826
197138
46531.8
0
8568.31
789054
467481
347167
201278
47211.2
0
8819.76
811471
481208
357773
207623
48536.4
0
8586.63
790503
468323
347863
201732
47285.7
0
8582.18
790151
468119
347694
201622
47267.6
0
8668.38
797502
472538
351190
203782
47681.9
0
8668.05
797472
472520
351176
203774
47680.1
0
8640.8
794957
470959
349990
203083
47526.2
0
8577.06
789746
467883
347499
201495
47246.8
0
8656.95
796448
471884
350693
203492
47617.4
0
8587.08
790539
468344
347880
201743
47287.5
0
8677.18
798314
473042
351572
204006
47731.6
0
8569.38
789138
467530
347207
201304
47215.5
0
8516.03
784916
465076
345181
199981
46998.4
0
8545.02
787210
466409
346282
200700
47116.4
0
8582.43
790170
468130
347703
201628
47268.6
0
8663.38
797040
472252
350972
203655
47653.7
0
8650.41
795844
471509
350408
203326
47580.5
0
8732.97
803462
476238
353998
205421
48046.5
0
8458
780324
462407
342977
198542
46762.2
0
8539.68
786788
466164
346080
200568
47094.7
0
8396.76
775478
459590
340651
197023
46513
0
8464.31
780823
462697
343216
198698
46787.9
0
8600.96
791637
468982
348407
202087
47344
0
8579.2
789915
467982
347580
201548
47255.5
0
8585.33
790400
468264
347813
201700
47280.4
0
8616.63
792877
469703
349002
202476
47407.8
0
8518.81
785136
465204
345287
200050
47009.7
0
8708.82
801234
474855
352948
204808
47910.2
0
8603.42
791832
469096
348501
202148
47354
0
8757.31
805708
477632
355057
206039
48183.9
0
8772.15
807078
478482
355702
206415
48267.6
0
9038.33
831639
493726
367277
213169
49770
0
8535.62
786466
465977
345925
200467
47078.1
0
8747.79
804830
477087
354643
205797
48130.1
0
8653.15
796097
471666
350527
203396
47595.9
0
8813.95
810935
480876
357520
207476
48503.6
0
8682.21
798779
473331
351791
204133
47760
0
8624.48
793498
470065
349300
202671
47439.8
0
8670.7
797716
472671
351291
203841
47695
0
8605.19
791972
469177
348568
202192
47361.2
0
8521.25
785329
465316
345379
200111
47019.6
0
8443.37
779166
461733
342421
198179
46702.7
0
8668.86
797547
472566
351211
203795
47684.6
0
8646.28
795463
471273
350229
203222
47557.2
0
8710.49
801388
474950
353021
204851
47919.6
0
8840.62
813395
482403
358680
208152
48654.1
0
8629.41
793906
470307
349495
202794
47462
0
8696.55
800101
474152
352415
204497
47840.9
0
8546.38
787317
466472
346334
200734
47121.9
0
8807.26
810317
480492
357229
207306
48465.8
0
8652.43
796030
471625
350496
203378
47591.9
0
8709.95
801338
474919
352997
204837
47916.5
0
8627.08
793704
470184
349399
202735
47450.3
0
8486.09
782546
463698
344044
199239
46876.5
0
8525.97
785702
465533
345558
200228
47038.8
0
8592.3
790952
468584
348078
201873
47308.8
0
8576.95
789737
467878
347495
201492
47246.3
0
8746.98
804755
477040
354608
205777
48125.5
0
8387.64
774756
459170
340304
196797
46475.8
0
8546.39
787318
466472
346334
200734
47121.9
0
8443.35
779165
461733
342420
198179
46702.6
0
8519.3
785174
465226
345305
200062
47011.7
0
8564.17
788726
467290
347010
201175
47194.3
0
8637.94
794693
470795
349866
203010
47510.1
0
8594.18
791101
468671
348150
201919
47316.4
0
8757.08
805687
477618
355047
206033
48182.6
0
8581.54
790100
468089
347670
201606
47265
0
8474.97
781667
463187
343621
198963
46831.3
0
8398.02
775577
459647
340698
197055
46518.1
0
8740.57
804164
476673
354329
205614
48089.4
0
8615.25
792767
469640
348950
202442
47402.2
0
8866.84
815815
483905
359820
208818
48802.1
0
8713.08
801627
475099
353134
204917
47934.2
0
8636.21
794534
470696
349791
202966
47500.4
0
8656.08
796367
471834
350655
203470
47612.5
0
8477.34
781854
463296
343711
199022
46840.9
0
8732.43
803412
476207
353975
205408
48043.4
0
8669.89
797641
472625
351255
203821
47690.4
0
8406.67
776262
460045
341027
197269
46553.3
0
8712.88
801609
475087
353125
204912
47933.1
0
8567.72
789007
467454
347145
201263
47208.8
0
8455
780086
462268
342863
198468
46750
0
8579.89
789969
468013
347607
201565
47258.3
0
8418.18
777172
460575
341464
197554
46600.1
0
8595.77
791226
468744
348210
201959
47322.9
0
8689.85
799483
473768
352124
204327
47803.1
0
8625.4
793571
470107
349336
202694
47443.5
0
8595.74
791224
468743
348209
201958
47322.8
0
8519.16
785163
465220
345300
200059
47011.1
0
8468.96
781192
462911
343393
198814
46806.8
0
8799.05
809560
480022
356872
207098
48419.5
0
8572.52
789386
467674
347327
201382
47228.3
0
8765.32
806447
478090
355405
206242
48229
0
8800.79
809721
480122
356948
207142
48429.3
0
8774.48
807292
478615
355803
206474
48280.7
0
8612.08
792517
469494
348829
202363
47389.3
0
8717.33
802019
475342
353318
205024
47958.2
0
8703.42
800735
474545
352713
204671
47879.7
0
8607.44
792149
469281
348653
202248
47370.4
0
8799.35
809587
480039
356885
207105
48421.1
0
8690.52
799545
473806
352153
204344
47806.9
0
8649.37
795748
471450
350363
203300
47574.6
0
8577.68
789794
467912
347523
201510
47249.3
0
8502.15
783818
464438
344654
199637
46941.9
0
8878.53
816894
484574
360328
209114
48868.1
0
8960.38
824447
489262
363887
211191
49330.1
0
8636.45
794556
470710
349801
202972
47501.7
0
8564.45
788748
467303
347020
201182
47195.5
0
8920.51
820768
486978
362154
210180
49105
0
8700.85
800498
474398
352602
204606
47865.2
0
8621.42
793256
469924
349184
202595
47427.3
0
8708.9
801241
474859
352952
204810
47910.6
0
8750.94
805121
477267
354780
205877
48147.9
0
8723.01
802544
475667
353566
205169
47990.3
0
8719.96
802262
475493
353433
205091
47973
0
8571.92
789339
467647
347304
201367
47225.8
0
8571.64
789317
467634
347293
201360
47224.7
0
8568.01
789029
467467
347155
201270
47209.9
0
8667.44
797415
472485
351149
203759
47676.6
0
8688.59
799367
473696
352068
204295
47796
0
8548.88
787515
466587
346429
200796
47132.1
0
8405.13
776140
459974
340968
197231
46547
0
8725.36
802760
475802
353667
205228
48003.5
0
8533.54
786302
465881
345846
200415
47069.6
0
8790.21
808744
479516
356487
206873
48369.5
0
8658.67
796606
471983
350768
203536
47627.1
0
8626.3
793642
470148
349369
202716
47447.1
0
8481.8
782207
463501
343881
199132
46859.1
0
8532.52
786221
465834
345807
200390
47065.5
0
8683.95
798939
473430
351867
204178
47769.8
0
8761.71
806114
477884
355248
206150
48208.7
0
8606.53
792077
469239
348618
202225
47366.7
0
8764.41
806364
478039
355366
206219
48224
0
8582.56
790181
468136
347708
201631
47269.1
0
8761.37
806083
477864
355234
206142
48206.8
0
8718.87
802161
475430
353385
205064
47966.9
0
8562.16
788566
467198
346933
201125
47186.1
0
8720.85
802343
475543
353471
205114
47978
0
8508.28
784303
464720
344887
199789
46966.9
0
8709.12
801261
474872
352961
204816
47911.9
0
8610.09
792360
469403
348754
202314
47381.2
0
8617.48
792944
469742
349034
202497
47411.3
0
8628.13
793788
470234
349440
202761
47454.8
0
8759.07
805871
477732
355133
206083
48193.8
0
8573.81
789489
467734
347376
201414
47233.6
0
8572.67
789398
467681
347332
201386
47228.9
0
8657.72
796518
471928
350726
203512
47621.7
0
8742.69
804359
476794
354421
205668
48101.4
0
8838.06
813159
482256
358568
208088
48639.6
0
8551.4
787715
466703
346525
200858
47142.3
0
8605.06
791961
469171
348563
202189
47360.7
0
8711.21
801454
474992
353052
204869
47923.7
0
8600.69
791616
468970
348397
202081
47342.9
0
8576.31
789686
467849
347471
201476
47243.7
0
8652.55
796042
471632
350502
203381
47592.6
0
8657.63
796510
471923
350722
203510
47621.2
0
8808.47
810429
480562
357282
207337
48472.6
0
8658.7
796608
471984
350769
203537
47627.3
0
8643.99
795251
471142
350129
203164
47544.2
0
8568.56
789073
467492
347176
201284
47212.2
0
8621.48
793261
469926
349186
202596
47427.5
0
8730.28
803214
476084
353882
205353
48031.3
0
8570.15
789198
467565
347237
201323
47218.6
0
8525.46
785662
465510
345539
200215
47036.8
0
8795.6
809241
479824
356722
207010
48400
0
8849.79
814242
482928
359078
208385
48705.8
0
8725.29
802754
475798
353665
205226
48003.1
0
8620.85
793211
469898
349163
202581
47425
0
8666.94
797369
472456
351127
203746
47673.8
0
8597.56
791368
468826
348278
202003
47330.2
0
8553.34
787869
466792
346598
200906
47150.2
0
8617.77
792967
469756
349045
202504
47412.4
0
8845.88
813881
482704
358908
208286
48683.8
0
8616.9
792898
469716
349013
202483
47408.9
0
8752.62
805276
477363
354853
205920
48157.4
0
8712.86
801607
475086
353124
204911
47933
0
8680.95
798662
473259
351737
204101
47752.9
0
8559.46
788353
467074
346831
201058
47175.1
0
8658.78
796616
471989
350772
203539
47627.7
0
8500.08
783654
464342
344575
199586
46933.5
0
8512.74
784656
464925
345056
199900
46985
0
8818.09
811316
481112
357700
207581
48526.9
0
8609.58
792319
469379
348734
202301
47379.1
0
8671.93
797830
472742
351344
203873
47702
0
8723.7
802607
475707
353596
205186
47994.2
0
8602.23
791737
469041
348455
202119
47349.2
0
8845.25
813823
482668
358881
208270
48680.2
0
8446.18
779389
461863
342528
198249
46714.1
0
8330.98
770272
456563
338152
195392
46245.3
0
8721.87
802438
475602
353516
205140
47983.8
0
8688.84
799391
473711
352080
204302
47797.4
0
8539.37
786763
466149
346068
200560
47093.4
0
8659.92
796721
472054
350822
203568
47634.2
0
8554.93
787994
466865
346659
200946
47156.7
0
8620.84
793210
469897
349162
202580
47424.9
0
8532.41
786212
465829
345803
200387
47065
0
8579.36
789928
467989
347587
201552
47256.1
0
8858.48
815043
483426
359456
208606
48754.9
0
8576.33
789688
467850
347471
201477
47243.8
0
8754.49
805448
477470
354934
205967
48167.9
0
8617.68
792960
469752
349042
202502
47412.1
0
8699.01
800328
474293
352522
204560
47854.8
0
8624.05
793464
470045
349284
202660
47438
0
8698.46
800278
474261
352498
204546
47851.7
0
8743.31
804416
476830
354448
205684
48104.8
0
8648.01
795622
471372
350304
203266
47566.9
0
8569.94
789182
467556
347229
201318
47217.8
0
8554.97
787998
466867
346660
200947
47156.9
0
8504.29
783987
464536
344735
199690
46950.6
0
8775.05
807345
478648
355828
206489
48284
0
8707.53
801115
474781
352892
204776
47902.9
0
8843.82
813691
482586
358819
208234
48672.1
0
8630.18
793977
470351
349529
202813
47466.3
0
8399.8
775718
459729
340766
197099
46525.3
0
8739.82
804094
476630
354296
205595
48085.1
0
8501.27
783748
464397
344620
199615
46938.3
0
8644.14
795266
471150
350136
203168
47545.1
0
8638.81
794774
470845
349904
203032
47515
0
8532.73
786238
465844
345815
200395
47066.4
0
8852.2
814465
483066
359183
208446
48719.5
0
8754.83
805479
477490
354949
205976
48169.9
0
8480.28
782087
463431
343823
199094
46852.9
0
8661.56
796872
472148
350893
203609
47643.4
0
8497.19
783425
464209
344465
199514
46921.7
0
8712.28
801553
475053
353099
204896
47929.7
0
8341.85
771133
457064
338565
195662
46289.5
0
8579.31
789924
467987
347585
201550
47255.9
0
8766.28
806536
478145
355447
206266
48234.5
0
8549.89
787595
466633
346467
200821
47136.2
0
8463.8
780783
462673
343197
198686
46785.8
0
8629.92
793953
470336
349517
202807
47464.8
0
8517.44
785027
465141
345234
200016
47004.1
0
8495.78
783313
464144
344412
199479
46916
0
8650.44
795847
471511
350410
203327
47580.7
0
8581.42
790091
468084
347665
201603
47264.5
0
8627.2
793713
470190
349404
202738
47450.8
0
8599.99
791560
468938
348370
202063
47340.1
0
8647.13
795541
471321
350266
203243
47562
0
8589.58
790736
468459
347975
201805
47297.7
0
8531.36
786129
465781
345763
200361
47060.8
0
8493.77
783155
464052
344335
199429
46907.8
0
8558.43
788271
467026
346792
201033
47170.9
0
8475.99
781748
463234
343660
198988
46835.4
0
8436.57
778628
461421
342163
198011
46675
0
8656.83
796436
471877
350688
203489
47616.7
0
8700.74
800488
474392
352597
204603
47864.5
0
8431.24
778207
461176
341960
197879
46653.3
0
8917.63
820502
486813
362028
210106
49088.7
0
8627.16
793710
470188
349402
202737
47450.6
0
8569.17
789122
467520
347200
201299
47214.7
0
8734.86
803637
476346
354081
205469
48057.2
0
8802.05
809837
480194
357003
207174
48436.4
0
8703.93
800782
474574
352736
204684
47882.5
0
8700.65
800480
474387
352593
204601
47864.1
0
8681.7
798731
473301
351769
204120
47757.1
0
8683
798851
473376
351825
204153
47764.4
0
8606.83
792102
469253
348630
202233
47367.9
0
8641.7
795040
471010
350029
203105
47531.3
0
8485.52
782502
463673
344022
199225
46874.2
0
8771.31
807000
478434
355666
206394
48262.9
0
8727.08
802919
475900
353742
205272
48013.2
0
8667.37
797409
472481
351146
203757
47676.2
0
8594.91
791158
468704
348177
201937
47319.4
0
8573.16
789437
467704
347351
201398
47230.9
0
8808.22
810406
480547
357271
207330
48471.2
0
8674.18
798037
472871
351442
203930
47714.7
0
8634.92
794415
470622
349735
202934
47493.1
0
8508.13
784291
464712
344881
199785
46966.2
0
8717.19
802006
475334
353312
205021
47957.4
0
8776.48
807478
478730
355891
206525
48292.1
0
8728.24
803026
475967
353793
205301
48019.8
0
8774.74
807316
478630
355815
206481
48282.2
0
8624.07
793465
470046
349285
202660
47438.1
0
8404.04
776054
459924
340927
197204
46542.6
0
8430.06
778113
461121
341915
197849
46648.5
0
8465.73
780936
462762
343270
198734
46793.7
0
8536.14
786507
466001
345945
200480
47080.2
0
8548.81
787510
466584
346426
200794
47131.8
0
8607.93
792188
469303
348672
202260
47372.4
0
8509.03
784362
464754
344915
199807
46969.9
0
8845.63
813858
482690
358898
208280
48682.4
0
8486.44
782575
463715
344057
199247
46878
0
8627.13
793708
470187
349401
202736
47450.6
0
8476.58
781795
463261
343683
199003
46837.8
0
8674.6
798076
472895
351460
203940
47717
0
8572.13
789355
467656
347312
201372
47226.7
0
8668.38
797502
472539
351190
203783
47681.9
0
8497.15
783422
464207
344464
199513
46921.5
0
8537.51
786616
466064
345997
200514
47085.8
0
8587.52
790574
468365
347897
201754
47289.3
0
8617.52
792947
469744
349036
202498
47411.4
0
8680.45
798616
473230
351715
204089
47750
0
8520.81
785294
465296
345362
200100
47017.8
0
8838.8
813228
482299
358601
208107
48643.8
0
8552.69
787817
466762
346574
200890
47147.6
0
8598.62
791452
468875
348318
202029
47334.5
0
8631.77
794124
470442
349598
202854
47475.3
0
8481.66
782196
463495
343875
199129
46858.5
0
8511.91
784590
464886
345024
199879
46981.6
0
8662.43
796953
472198
350931
203632
47648.3
0
8709.84
801328
474913
352993
204834
47915.9
0
8732.39
803409
476204
353973
205407
48043.2
0
8865.65
815706
483837
359768
208788
48795.4
0
8582.39
790168
468129
347702
201627
47268.5
0
8721.69
802422
475592
353508
205135
47982.8
0
8645.99
795436
471256
350216
203214
47555.5
0
8559.4
788348
467071
346828
201057
47174.9
0
8684.93
799029
473486
351910
204202
47775.3
0
8596.73
791302
468788
348246
201983
47326.8
0
8588.29
790635
468400
347926
201773
47292.5
0
8596.88
791314
468795
348252
201986
47327.4
0
8636.39
794550
470706
349799
202971
47501.3
0
8694.41
799904
474029
352321
204443
47828.8
0
8767.22
806623
478199
355488
206290
48239.8
0
8535.95
786492
465992
345937
200475
47079.4
0
8429.09
778036
461077
341879
197825
46644.6
0
8712.94
801614
475091
353128
204913
47933.4
0
8667
797375
472460
351130
203748
47674.1
0
8720.21
802285
475507
353444
205098
47974.5
0
8625.27
793560
470101
349330
202690
47442.9
0
8442.02
779059
461671
342370
198146
46697.2
0
8488.89
782769
463828
344150
199308
46887.9
0
8734.7
803622
476337
354074
205465
48056.2
0
8647.67
795591
471352
350289
203257
47565
0
8606.06
792040
469217
348601
202214
47364.8
0
8765.37
806452
478093
355407
206243
48229.4
0
8614.46
792705
469604
348920
202422
47399
0
8485.4
782492
463667
344017
199221
46873.7
0
8519.36
785180
465229
345308
200064
47011.9
0
8649.33
795744
471447
350361
203299
47574.4
0
8856.56
814867
483316
359373
208557
48744.1
0
8539.21
786751
466142
346062
200556
47092.7
0
8620.94
793218
469902
349166
202583
47425.3
0
8741.43
804243
476722
354366
205636
48094.2
0
8611.36
792460
469461
348802
202345
47386.3
0
8669
797559
472574
351217
203798
47685.4
0
8665.38
797226
472367
351059
203706
47665
0
8685.43
799076
473515
351931
204215
47778.2
0
8649.12
795724
471435
350352
203294
47573.2
0
8532.08
786186
465814
345791
200379
47063.7
0
8572.27
789366
467663
347317
201376
47227.3
0
8685.23
799057
473503
351922
204210
47777
0
8585.3
790398
468262
347812
201699
47280.3
0
8535.22
786435
465959
345910
200457
47076.5
0
8649.58
795767
471462
350372
203305
47575.8
0
8615.41
792781
469647
348956
202446
47402.9
0
8679.51
798529
473176
351674
204065
47744.8
0
8570.09
789194
467563
347235
201322
47218.4
0
8501.96
783803
464429
344647
199632
46941.1
0
8742.08
804303
476760
354395
205652
48097.9
0
8615.73
792806
469662
348968
202454
47404.2
0
8747.89
804839
477092
354647
205800
48130.7
0
8669.88
797640
472624
351255
203820
47690.4
0
8590.14
790780
468485
347996
201819
47300
0
8877.9
816836
484538
360301
209099
48864.5
0
8601.51
791680
469008
348428
202101
47346.3
0
8824.43
811902
481476
357976
207742
48562.7
0
8633.64
794296
470549
349679
202901
47485.8
0
8623.99
793460
470042
349282
202659
47437.8
0
8528.5
785903
465650
345655
200290
47049.1
0
8371.37
773469
458422
339686
196394
46409.7
0
8468.3
781139
462880
343368
198797
46804.1
0
8869.19
816033
484040
359922
208878
48815.4
0
8279.31
766183
454187
336189
194111
46035
0
8807.65
810353
480515
357246
207316
48468
0
8738.39
803962
476548
354234
205559
48077
0
8498.8
783552
464283
344526
199554
46928.3
0
8836.8
813043
482184
358513
208056
48632.5
0
8597.7
791379
468833
348283
202007
47330.8
0
8653.83
796159
471705
350557
203413
47599.8
0
8663.62
797063
472266
350983
203662
47655.1
0
8556.22
788097
466925
346708
200978
47162
0
8533.46
786295
465877
345843
200413
47069.3
0
8728.71
803069
475994
353813
205313
48022.4
0
9072.02
834749
495656
368742
214024
49960.2
0
8420.13
777327
460664
341538
197603
46608.1
0
8612.11
792519
469495
348830
202364
47389.4
0
8608.04
792197
469308
348676
202263
47372.8
0
8548.57
787491
466573
346417
200788
47130.8
0
8919.25
820651
486906
362099
210148
49097.9
0
8618.35
793013
469782
349067
202518
47414.8
0
8707.06
801072
474754
352872
204764
47900.3
0
8560.98
788473
467144
346888
201096
47181.3
0
8619.53
793106
469837
349112
202548
47419.6
0
8518.25
785091
465178
345265
200036
47007.4
0
8963.51
824735
489441
364023
211271
49347.7
0
8831.33
812539
481871
358276
207917
48601.7
0
8911.26
819915
486449
361752
209945
49052.8
0
8557.77
788219
466996
346766
201016
47168.2
0
8753.48
805355
477412
354890
205942
48162.3
0
8642.04
795072
471030
350045
203114
47533.3
0
8608.28
792216
469320
348685
202269
47373.8
0
8601.72
791697
469018
348436
202106
47347.1
0
8548.82
787511
466584
346427
200794
47131.9
0
8571.27
789287
467617
347279
201351
47223.2
0
8411.84
776671
460283
341223
197397
46574.4
0
8902.7
819124
485958
361379
209728
49004.5
0
8716.3
801924
475283
353274
204998
47952.4
0
8614.84
792735
469621
348934
202431
47400.5
0
8762.6
806196
477934
355287
206173
48213.7
0
8868.78
815994
484016
359904
208867
48813
0
8615.87
792817
469669
348973
202457
47404.7
0
8669.21
797579
472586
351226
203804
47686.6
0
8773.24
807179
478544
355750
206443
48273.8
0
8495.73
783310
464142
344410
199478
46915.8
0
8616.59
792874
469702
349001
202475
47407.6
0
8602.11
791728
469035
348451
202116
47348.7
0
8721.55
802409
475584
353502
205132
47982
0
8596.9
791316
468796
348253
201987
47327.5
0
8695.82
800034
474110
352383
204479
47836.8
0
8601.68
791694
469016
348434
202105
47346.9
0
8629.15
793882
470292
349484
202787
47460.5
0
8502.34
783833
464446
344661
199642
46942.7
0
8795.56
809238
479822
356720
207009
48399.7
0
8448.94
779607
461990
342633
198317
46725.3
0
8523.62
785517
465425
345469
200169
47029.3
0
8559
788316
467052
346813
201047
47173.3
0
8691.93
799675
473887
352214
204380
47814.8
0
8617.43
792940
469740
349033
202496
47411.1
0
8714.08
801719
475156
353177
204942
47939.8
0
8337.86
770817
456880
338413
195563
46273.3
0
8496.35
783358
464170
344433
199493
46918.3
0
8641.51
795023
471000
350021
203101
47530.2
0
8889.64
817919
485210
360811
209396
48930.8
0
8561.3
788498
467158
346900
201104
47182.6
0
8811.49
810707
480734
357413
207413
48489.6
0
8354.74
772152
457656
339054
195981
46342
0
8786.66
808417
479313
356333
206784
48349.5
0
8883.64
817366
484867
360551
209244
48896.9
0
8752.17
805234
477337
354833
205908
48154.8
0
8821.75
811654
481322
357859
207674
48547.6
0
8598.72
791459
468879
348322
202032
47334.9
0
8712.67
801589
475075
353116
204906
47931.9
0
8506.08
784129
464618
344803
199734
46957.9
0
8549.9
787597
466634
346468
200821
47136.2
0
8637.9
794689
470793
349864
203009
47509.9
0
8620.79
793206
469895
349160
202579
47424.7
0
8775.86
807420
478694
355863
206509
48288.6
0
8605.13
791967
469175
348566
202191
47361
0
8701.43
800551
474431
352627
204621
47868.4
0
8723.97
802631
475722
353607
205193
47995.7
0
8388.13
774795
459192
340323
196809
46477.9
0
8512.07
784603
464894
345031
199883
46982.3
0
8520.31
785255
465273
345344
200087
47015.8
0
8562.54
788597
467215
346948
201135
47187.7
0
8399
775655
459693
340736
197079
46522.1
0
8621.2
793239
469914
349176
202589
47426.4
0
8631.1
794062
470403
349569
202837
47471.5
0
8562.46
788590
467212
346945
201133
47187.3
0
8643.67
795222
471123
350115
203155
47542.4
0
8608.53
792236
469331
348695
202275
47374.8
0
8737.71
803900
476509
354205
205542
48073.3
0
8628.79
793849
470271
349468
202778
47458.5
0
8565.93
788865
467371
347077
201219
47201.5
0
8570.03
789190
467560
347232
201320
47218.2
0
8601.3
791664
468998
348420
202096
47345.4
0
8541.46
786929
466246
346147
200612
47101.9
0
8561.12
788484
467150
346894
201099
47181.9
0
8555.21
788016
466878
346669
200953
47157.8
0
8659.13
796649
472009
350788
203548
47629.7
0
8568.34
789056
467482
347168
201278
47211.3
0
8684.55
798994
473465
351893
204193
47773.2
0
8546.67
787341
466485
346345
200741
47123.1
0
8390.21
774960
459288
340402
196861
46486.3
0
8797.48
809415
479932
356804
207058
48410.6
0
8649.09
795722
471434
350351
203293
47573
0
8782.7
808051
479086
356161
206683
48327.1
0
8580.95
790054
468062
347647
201591
47262.6
0
8556.93
788152
466957
346734
200995
47164.8
0
8744.89
804562
476920
354517
205724
48113.8
0
8637.36
794639
470762
349841
202995
47506.8
0
8715.24
801826
475222
353227
204971
47946.4
0
8419.81
777302
460650
341526
197595
46606.8
0
8831.72
812575
481894
358293
207927
48603.9
0
8533.29
786282
465870
345837
200409
47068.6
0
8606.34
792062
469230
348611
202221
47365.9
0
8695.13
799971
474071
352353
204461
47832.9
0
8664.47
797141
472314
351020
203683
47659.8
0
8685.87
799116
473540
351950
204226
47780.6
0
8573.01
789425
467697
347345
201394
47230.3
0
8385.4
774579
459067
340219
196742
46466.7
0
8623.95
793456
470040
349280
202657
47437.6
0
8659.25
796660
472016
350793
203551
47630.4
0
8525.93
785699
465531
345557
200227
47038.7
0
8605.29
791979
469182
348571
202195
47361.6
0
8643.09
795169
471090
350090
203141
47539.2
0
8766.29
806537
478146
355448
206267
48234.6
0
8477.44
781862
463301
343715
199024
46841.3
0
8607.68
792169
469292
348662
202254
47371.4
0
8499.73
783626
464326
344562
199577
46932.1
0
8616.21
792844
469684
348986
202466
47406.1
0
8469.59
781241
462940
343417
198830
46809.4
0
8393.52
775221
459440
340527
196943
46499.8
0
8742.58
804349
476788
354416
205665
48100.7
0
8719.26
802197
475452
353402
205073
47969.1
0
8606.7
792091
469247
348625
202230
47367.4
0
8654.28
796201
471731
350577
203425
47602.3
0
8589.07
790696
468436
347955
201793
47295.6
0
8715.13
801816
475216
353223
204969
47945.8
0
8500
783648
464339
344572
199584
46933.1
0
8613.08
792596
469540
348867
202388
47393.3
0
8577.98
789818
467926
347534
201517
47250.5
0
8688.78
799385
473707
352077
204300
47797.1
0
8612.54
792553
469515
348847
202374
47391.1
0
8493.24
783112
464027
344315
199416
46905.6
0
8351.91
771929
457527
338947
195911
46330.5
0
8853.19
814556
483123
359226
208472
48725.1
0
8840.17
813355
482377
358660
208141
48651.6
0
8586.5
790493
468318
347858
201729
47285.2
0
8558.52
788279
467030
346795
201035
47171.3
0
8682.12
798770
473325
351787
204131
47759.5
0
8570.11
789196
467564
347235
201322
47218.5
0
8574.97
789580
467787
347420
201443
47238.2
0
8552.92
787835
466773
346582
200896
47148.5
0
8715.11
801814
475215
353222
204968
47945.7
0
8865.06
815651
483803
359742
208773
48792
0
8522.88
785458
465391
345441
200151
47026.3
0
8723.44
802582
475692
353584
205179
47992.7
0
8568.2
789045
467476
347163
201275
47210.7
0
8858.83
815076
483446
359472
208615
48756.9
0
8692.92
799767
473944
352257
204405
47820.4
0
8531.79
786164
465801
345780
200372
47062.5
0
8688.93
799398
473715
352083
204304
47797.9
0
8933.37
821954
487715
362713
210506
49177.6
0
8730.9
803271
476119
353908
205369
48034.8
0
8620.88
793213
469899
349164
202581
47425.1
0
8472.25
781452
463062
343518
198896
46820.2
0
8735.81
803724
476400
354122
205493
48062.5
0
8498.03
783491
464248
344497
199535
46925.1
0
8773.02
807158
478531
355740
206437
48272.5
0
8395.81
775403
459546
340615
197000
46509.1
0
8566.64
788921
467404
347103
201236
47204.3
0
8709.84
801327
474913
352992
204834
47915.9
0
8803.2
809943
480260
357052
207203
48442.9
0
8850.68
814324
482979
359117
208408
48710.9
0
8703.44
800737
474546
352714
204672
47879.8
0
8726.59
802874
475872
353721
205259
48010.5
0
8695.23
799980
474076
352357
204464
47833.5
0
8664.13
797110
472295
351005
203675
47657.9
0
8581.69
790112
468096
347675
201610
47265.6
0
8814.49
810984
480906
357543
207490
48506.6
0
8509.23
784378
464763
344923
199812
46970.7
0
8634.79
794403
470615
349729
202930
47492.3
0
8500.4
783679
464357
344587
199594
46934.8
0
8446.88
779444
461895
342554
198266
46717
0
8587.65
790584
468370
347901
201757
47289.9
0
8543.91
787122
466358
346240
200673
47111.9
0
8522.92
785462
465393
345443
200152
47026.4
0
8776.28
807459
478718
355882
206520
48290.9
0
8799.1
809565
480025
356874
207099
48419.8
0
8682.17
798775
473328
351790
204132
47759.8
0
8687.25
799244
473619
352010
204261
47788.4
0
8683.74
798920
473418
351858
204172
47768.6
0
8565.36
788820
467345
347055
201204
47199.1
0
8590.88
790839
468519
348024
201837
47303
0
8607.43
792149
469280
348653
202248
47370.4
0
8922.83
820982
487111
362255
210239
49118.1
0
8614.21
792685
469592
348910
202416
47397.9
0
8682.64
798818
473355
351810
204144
47762.4
0
8515.85
784902
465068
345174
199977
46997.7
0
8737.11
803845
476475
354179
205526
48069.9
0
8777.91
807609
478811
355953
206561
48300.1
0
8583.16
790229
468164
347731
201646
47271.6
0
8426.31
777816
460949
341773
197756
46633.2
0
8731.06
803286
476128
353915
205373
48035.7
0
8750.82
805110
477260
354775
205874
48147.2
0
8708.48
801202
474835
352934
204800
47908.3
0
8839.66
813307
482348
358638
208128
48648.6
0
8834.67
812847
482062
358421
208002
48620.5
0
8706.96
801062
474748
352867
204761
47899.7
0
8546.07
787294
466458
346322
200726
47120.7
0
8503.17
783898
464484
344693
199662
46946
0
8515.15
784847
465036
345148
199959
46994.8
0
8598.98
791480
468891
348332
202038
47336
0
8671.03
797747
472690
351305
203850
47696.9
0
8773.97
807245
478586
355781
206461
48277.9
0
8610.66
792405
469429
348776
202328
47383.5
0
8724.02
802637
475725
353609
205194
47996
0
8618.77
793046
469802
349084
202529
47416.5
0
8549.15
787537
466599
346439
200803
47133.2
0
8610.57
792398
469425
348772
202326
47383.2
0
8639.94
794878
470910
349953
203061
47521.4
0
8516.78
784976
465111
345210
200000
47001.5
0
8552.11
787771
466735
346551
200876
47145.2
0
8418.55
777202
460592
341478
197564
46601.6
0
8819.85
811479
481213
357776
207625
48536.8
0
8639.99
794882
470912
349955
203062
47521.7
0
8575.54
789625
467813
347441
201457
47240.6
0
8610.31
792377
469413
348762
202319
47382.1
0
8587.45
790568
468361
347894
201752
47289
0
8538.79
786717
466123
346046
200546
47091
0
8630.62
794018
470376
349548
202824
47468.8
0
8538.53
786697
466111
346036
200539
47090
0
8563.72
788690
467270
346992
201164
47192.5
0
8644.15
795266
471151
350136
203168
47545.1
0
8908.23
819635
486275
361620
209868
49035.7
0
8541.43
786926
466244
346146
200611
47101.8
0
8583.07
790221
468160
347727
201644
47271.2
0
8712.95
801615
475091
353128
204913
47933.5
0
8704.38
800825
474601
352755
204696
47885.1
0
8748.56
804901
477131
354677
205817
48134.5
0
8421.43
777430
460724
341588
197635
46613.4
0
8692.79
799754
473936
352251
204402
47819.7
0
8681.14
798679
473269
351745
204106
47753.9
0
8562.51
788594
467214
346947
201134
47187.6
0
8539.82
786799
466170
346085
200571
47095.2
0
8611.73
792489
469478
348816
202354
47387.9
0
8506
784122
464614
344800
199732
46957.6
0
8484.28
782403
463615
343975
199194
46869.1
0
8469.48
781232
462935
343413
198827
46808.9
0
8547.41
787400
466519
346373
200759
47126.1
0
8649.11
795724
471435
350352
203293
47573.1
0
8643.81
795235
471131
350121
203159
47543.2
0
8491.55
782979
463950
344251
199374
46898.8
0
8506.19
784138
464623
344807
199737
46958.3
0
8662.04
796917
472175
350914
203622
47646.1
0
8702.56
800656
474496
352676
204650
47874.8
0
8531.57
786146
465791
345771
200367
47061.6
0
8591.67
790902
468555
348054
201857
47306.2
0
8731.72
803347
476166
353944
205390
48039.4
0
8766.44
806551
478155
355454
206270
48235.4
0
8453.16
779941
462184
342793
198422
46742.5
0
8593.92
791080
468659
348140
201913
47315.4
0
8692.72
799748
473932
352248
204400
47819.3
0
8675.92
798198
472970
351518
203974
47724.5
0
8748.46
804892
477125
354672
205814
48133.9
0
8379.25
774092
458784
339986
196589
46441.7
0
8617.83
792972
469759
349048
202506
47412.7
0
8768.36
806728
478264
355537
206319
48246.2
0
8654.74
796243
471757
350597
203436
47604.9
0
8520.21
785246
465268
345340
200085
47015.4
0
8592.84
790995
468609
348099
201886
47311
0
8701.46
800555
474433
352628
204622
47868.6
0
8533.26
786279
465868
345835
200408
47068.5
0
8613.5
792629
469560
348883
202398
47395.1
0
8554.22
787939
466833
346632
200928
47153.8
0
8653.7
796147
471698
350551
203410
47599.1
0
8446.98
779452
461900
342558
198269
46717.4
0
8801.89
809822
480185
356995
207170
48435.5
0
8659.25
796659
472015
350793
203551
47630.4
0
8435.98
778581
461393
342140
197996
46672.6
0
8646.57
795490
471289
350241
203229
47558.8
0
8606.16
792048
469222
348604
202216
47365.2
0
8691.61
799646
473869
352200
204372
47813
0
8770.22
806899
478371
355618
206366
48256.7
0
8476.62
781797
463263
343684
199004
46838
0
8480.03
782067
463420
343814
199088
46851.9
0
8591.29
790872
468538
348040
201848
47304.7
0
8621.99
793301
469950
349206
202609
47429.6
0
8804.01
810017
480306
357088
207224
48447.4
0
8658.29
796571
471960
350751
203526
47624.9
0
8422.8
777538
460787
341640
197669
46619
0
8544.57
787175
466389
346265
200689
47114.5
0
8555.98
788078
466914
346699
200972
47161
0
8447.49
779492
461923
342578
198281
46719.4
0
8624.7
793516
470075
349309
202676
47440.7
0
8546.89
787358
466495
346353
200746
47124
0
8614.9
792740
469624
348937
202433
47400.8
0
8800.92
809732
480129
356953
207145
48430
0
8708.33
801188
474826
352927
204796
47907.4
0
8631.39
794089
470420
349581
202844
47473.1
0
8600.18
791575
468947
348378
202068
47340.9
0
8554.33
787947
466838
346636
200931
47154.2
0
8489.05
782781
463835
344156
199312
46888.6
0
8687.65
799280
473642
352028
204271
47790.7
0
8789.28
808658
479463
356447
206850
48364.3
0
8703.36
800730
474542
352711
204670
47879.4
0
8638.12
794710
470805
349874
203015
47511.1
0
8514.54
784799
465008
345125
199944
46992.3
0
8603.88
791868
469117
348518
202160
47355.9
0
8704.5
800835
474607
352760
204699
47885.8
0
8676.41
798243
472998
351539
203986
47727.2
0
8710.09
801351
474927
353003
204841
47917.3
0
8597.37
791353
468817
348271
201998
47329.4
0
8720.79
802339
475540
353469
205112
47977.7
0
8500.08
783654
464342
344575
199586
46933.5
0
8531.24
786119
465775
345759
200358
47060.3
0
8725.6
802782
475816
353678
205234
48004.9
0
8514.24
784775
464994
345113
199937
46991.1
0
8578.37
789849
467943
347549
201527
47252.1
0
8695.05
799963
474066
352350
204459
47832.5
0
8808.62
810443
480570
357288
207341
48473.5
0
8814.18
810956
480889
357530
207482
48504.9
0
8595.07
791171
468712
348183
201941
47320.1
0
8557.82
788223
466998
346768
201018
47168.5
0
8711.93
801521
475033
353084
204887
47927.7
0
8517.16
785005
465128
345224
200009
47003
0
8731.01
803281
476125
353913
205371
48035.4
0
8521.85
785376
465343
345402
200125
47022.1
0
8691.88
799670
473884
352212
204379
47814.5
0
8466.81
781021
462812
343311
198761
46798.1
0
8610.31
792377
469413
348762
202319
47382.1
0
8659.53
796685
472031
350805
203558
47631.9
0
8660.68
796792
472098
350855
203587
47638.5
0
8588.54
790654
468411
347935
201779
47293.5
0
8610.46
792388
469419
348768
202323
47382.7
0
8485.96
782537
463693
344039
199236
46876
0
8529.58
785989
465699
345696
200317
47053.5
0
8719.58
802226
475471
353416
205081
47970.9
0
8488.76
782758
463821
344145
199305
46887.4
0
8745.74
804641
476969
354554
205745
48118.6
0
8583.88
790285
468197
347758
201664
47274.5
0
8654.6
796230
471749
350591
203433
47604.1
0
8433.4
778377
461275
342042
197932
46662.1
0
8588.38
790642
468404
347929
201775
47292.8
0
8733.55
803516
476271
354024
205436
48049.8
0
8675.5
798159
472946
351499
203963
47722.1
0
8906.35
819461
486167
361538
209820
49025.1
0
8617.33
792933
469736
349029
202493
47410.7
0
8822.02
811680
481338
357871
207681
48549.1
0
8621.26
793243
469916
349178
202591
47426.6
0
8680.1
798583
473210
351699
204080
47748
0
8621.06
793227
469907
349170
202586
47425.8
0
8729.39
803132
476033
353843
205330
48026.3
0
8658.92
796629
471997
350778
203542
47628.5
0
8568.2
789044
467476
347163
201275
47210.7
0
8730.63
803247
476104
353897
205362
48033.3
0
8629.54
793918
470314
349501
202797
47462.7
0
8744.4
804517
476892
354496
205711
48111
0
8543.41
787083
466335
346221
200660
47109.8
0
8618.56
793029
469792
349075
202524
47415.6
0
8649.66
795775
471466
350376
203308
47576.3
0
8732.31
803401
476200
353970
205404
48042.7
0
8495.67
783305
464139
344408
199476
46915.5
0
8724.05
802639
475727
353610
205195
47996.1
0
8640.74
794951
470955
349988
203081
47525.9
0
8744.66
804540
476907
354507
205718
48112.4
0
8520.43
785264
465278
345348
200090
47016.3
0
8768.89
806776
478295
355560
206333
48249.2
0
8439.51
778861
461556
342275
198084
46687
0
8343.56
771268
457142
338630
195704
46296.5
0
8546.78
787350
466490
346349
200744
47123.5
0
8543.82
787116
466354
346237
200670
47111.5
0
8597.75
791383
468835
348285
202008
47330.9
0
8787.21
808468
479344
356357
206798
48352.6
0
8425.41
777745
460907
341739
197734
46629.6
0
8744.68
804543
476909
354508
205718
48112.6
0
8624.24
793479
470054
349291
202665
47438.8
0
8492.45
783050
463991
344285
199396
46902.4
0
8691.1
799599
473840
352178
204359
47810.2
0
8501.32
783752
464399
344622
199616
46938.5
0
8589.67
790743
468463
347978
201807
47298.1
0
8696.54
800100
474151
352414
204497
47840.8
0
8695.23
799980
474076
352358
204464
47833.5
0
8579.14
789910
467979
347578
201546
47255.2
0
8512.08
784604
464894
345031
199883
46982.3
0
8756.23
805609
477570
355010
206011
48177.8
0
8546.54
787331
466479
346340
200738
47122.6
0
8635.3
794450
470644
349751
202943
47495.2
0
8736.36
803775
476432
354146
205507
48065.6
0
8674.79
798094
472906
351469
203945
47718.1
0
8687.83
799297
473652
352036
204276
47791.7
0
8537.86
786644
466080
346010
200523
47087.2
0
8560.2
788412
467108
346859
201077
47178.2
0
8837.75
813131
482239
358555
208080
48637.9
0
8703.63
800755
474557
352723
204677
47880.9
0
8712.42
801566
475061
353105
204900
47930.5
0
8607.2
792131
469270
348644
202242
47369.4
0
8473.7
781567
463129
343573
198932
46826.1
0
8540.05
786817
466181
346094
200577
47096.2
0
8550.01
787605
466639
346472
200824
47136.7
0
8688.97
799402
473717
352085
204305
47798.1
0
8542.96
787047
466315
346204
200649
47108
0
8678.91
798474
473141
351648
204050
47741.3
0
8730.14
803201
476075
353875
205349
48030.5
0
8864.33
815583
483761
359711
208754
48787.9
0
8660.26
796753
472074
350837
203576
47636.1
0
8851.75
814423
483040
359164
208435
48716.9
0
8554.14
787932
466829
346629
200926
47153.5
0
8496.32
783356
464169
344432
199492
46918.2
0
8682.72
798826
473360
351814
204146
47762.9
0
8823.48
811814
481421
357934
207718
48557.4
0
8564.33
788739
467298
347016
201179
47195
0
8611.96
792508
469489
348825
202360
47388.8
0
8573.57
789469
467723
347367
201408
47232.6
0
8833.76
812763
482010
358381
207979
48615.4
0
8681.76
798736
473305
351771
204122
47757.4
0
8808.43
810425
480559
357280
207336
48472.4
0
8768.33
806725
478263
355536
206318
48246
0
8710.82
801418
474969
353035
204859
47921.4
0
8578.43
789854
467946
347551
201529
47252.3
0
8622.33
793328
469966
349219
202617
47431
0
8538.03
786657
466088
346017
200527
47087.9
0
8583.82
790280
468194
347756
201662
47274.3
0
8618.59
793032
469794
349077
202525
47415.8
0
8778.19
807635
478827
355965
206569
48301.7
0
8769.35
806820
478321
355581
206344
48251.8
0
8500.37
783677
464355
344586
199593
46934.6
0
8554.98
787999
466868
346661
200947
47156.9
0
8836.63
813028
482175
358506
208051
48631.6
0
8737.53
803883
476499
354197
205537
48072.2
0
8611.54
792474
469469
348809
202350
47387.1
0
8825.49
812000
481537
358022
207769
48568.7
0
8489.38
782807
463850
344169
199320
46889.9
0
8574.73
789561
467776
347411
201437
47237.3
0
8775.9
807424
478697
355866
206511
48288.8
0
8584.75
790354
468237
347791
201685
47278.1
0
8617.44
792941
469741
349033
202496
47411.1
0
8588.32
790637
468401
347927
201774
47292.6
0
8628.57
793829
470259
349459
202772
47457.2
0
8511.57
784563
464871
345012
199871
46980.2
0
8702.84
800682
474512
352688
204657
47876.4
0
8744.05
804484
476872
354480
205702
48109
0
8688.68
799376
473701
352073
204298
47796.5
0
8564.51
788752
467306
347022
201183
47195.7
0
8854.36
814664
483190
359277
208501
48731.6
0
8743.75
804457
476855
354467
205695
48107.3
0
8403.57
776017
459903
340909
197192
46540.7
0
8495.58
783298
464135
344404
199474
46915.1
0
8731.1
803289
476130
353917
205374
48035.9
0
8587.76
790592
468375
347906
201760
47290.3
0
8733.89
803547
476290
354038
205444
48051.6
0
8512.82
784662
464928
345059
199901
46985.3
0
8652.88
796072
471651
350516
203389
47594.4
0
8698.38
800270
474256
352494
204544
47851.2
0
8744.53
804529
476900
354501
205714
48111.7
0
8677.55
798349
473064
351589
204015
47733.7
0
8569.32
789133
467527
347205
201303
47215.3
0
8643.79
795233
471130
350120
203159
47543.1
0
8574.31
789528
467757
347395
201427
47235.6
0
8825.95
812042
481563
358042
207780
48571.3
0
8901.38
819003
485883
361322
209694
48997
0
8670.54
797701
472662
351284
203837
47694.1
0
8656.42
796398
471853
350670
203479
47614.4
0
8765.09
806426
478077
355395
206236
48227.8
0
8655.04
796271
471774
350610
203444
47606.6
0
8501.14
783738
464391
344616
199612
46937.8
0
8607.12
792124
469266
348641
202240
47369.1
0
8685.67
799098
473529
351942
204221
47779.5
0
8702.84
800682
474512
352688
204657
47876.4
0
8570.04
789190
467560
347232
201321
47218.2
0
8608.68
792248
469338
348700
202279
47375.5
0
8230.55
762325
451944
334337
192902
45836.6
0
8682.03
798762
473321
351784
204129
47759
0
8576.17
789675
467842
347465
201473
47243.1
0
8601.51
791680
469008
348428
202101
47346.3
0
8677.84
798375
473080
351601
204023
47735.3
0
8403.93
776045
459919
340923
197201
46542.2
0
8504.14
783976
464529
344730
199686
46950
0
8512.42
784630
464910
345044
199892
46983.7
0
8621.3
793246
469918
349180
202592
47426.8
0
8650.64
795865
471523
350418
203332
47581.8
0
8560.91
788467
467140
346886
201094
47181
0
8808.04
810389
480537
357263
207326
48470.2
0
8611.91
792504
469486
348823
202359
47388.6
0
8796.3
809306
479865
356752
207028
48403.9
0
8564.31
788736
467297
347015
201178
47194.9
0
8646.88
795518
471307
350255
203237
47560.6
0
8406.83
776275
460053
341033
197273
46554
0
8561
788475
467145
346889
201096
47181.4
0
8539.98
786812
466178
346091
200575
47095.9
0
8525.35
785654
465505
345535
200212
47036.3
0
8710.32
801372
474940
353013
204847
47918.6
0
8693.8
799847
473994
352295
204427
47825.4
0
8783.6
808134
479137
356200
206706
48332.2
0
8609.5
792313
469375
348731
202299
47378.8
0
8509.6
784407
464780
344937
199822
46972.2
0
8616.85
792894
469713
349011
202481
47408.7
0
8696.95
800139
474175
352432
204507
47843.2
0
8545.95
787284
466452
346318
200723
47120.2
0
8806.17
810217
480430
357182
207279
48459.7
0
8580.82
790043
468056
347642
201588
47262.1
0
8401.64
775864
459814
340836
197144
46532.9
0
8664.19
797115
472298
351007
203676
47658.2
0
8592.86
790996
468610
348099
201886
47311
0
8686.52
799176
473577
351979
204243
47784.3
0
8605.36
791985
469185
348574
202196
47361.9
0
8754.1
805412
477448
354917
205957
48165.7
0
8646.57
795490
471290
350241
203229
47558.8
0
8542.13
786982
466277
346172
200628
47104.6
0
8642.91
795152
471080
350082
203136
47538.1
0
8765.87
806498
478122
355429
206256
48232.2
0
8944.63
822994
488360
363203
210792
49241.2
0
8832.03
812603
481911
358306
207935
48605.6
0
8677.58
798351
473066
351590
204016
47733.9
0
8602.92
791792
469073
348482
202136
47352
0
8534.61
786386
465931
345887
200442
47074
0
8752.32
805248
477346
354840
205912
48155.7
0
8450.74
779749
462072
342701
198362
46732.6
0
8846.09
813900
482716
358917
208291
48684.9
0
8586.17
790467
468302
347845
201721
47283.9
0
8643.81
795234
471131
350121
203159
47543.2
0
8545.1
787217
466413
346285
200702
47116.7
0
8753.58
805364
477418
354895
205944
48162.8
0
8693.4
799811
473971
352278
204417
47823.1
0
8750.14
805047
477221
354745
205857
48143.4
0
8463.82
780784
462674
343198
198686
46785.9
0
8562.54
788596
467215
346948
201134
47187.7
0
8818.1
811317
481113
357700
207581
48527
0
8543.56
787095
466342
346227
200664
47110.4
0
8681.69
798730
473301
351769
204120
47757
0
8518.63
785122
465196
345280
200046
47009
0
8703.86
800776
474571
352733
204683
47882.2
0
8465.52
780919
462752
343262
198728
46792.8
0
8566.77
788931
467410
347108
201239
47204.9
0
8448.4
779564
461965
342612
198304
46723.1
0
8512.92
784670
464933
345063
199904
46985.7
0
8656.5
796406
471858
350673
203481
47614.9
0
8596.82
791309
468792
348250
201985
47327.2
0
8559.69
788371
467084
346839
201064
47176.1
0
8563.12
788643
467242
346970
201149
47190
0
8706.33
801004
474712
352840
204745
47896.1
0
8550.26
787625
466650
346481
200830
47137.7
0
8577.17
789755
467888
347504
201497
47247.2
0
8738.68
803990
476565
354247
205566
48078.7
0
8564.96
788788
467327
347040
201195
47197.5
0
8642.86
795147
471077
350080
203135
47537.9
0
8873.63
816442
484293
360115
208990
48840.4
0
8512.09
784604
464894
345031
199883
46982.3
0
8561.48
788513
467167
346907
201108
47183.4
0
8672.16
797850
472755
351354
203878
47703.2
0
8444.39
779247
461780
342460
198205
46706.8
0
8753.08
805318
477389
354873
205931
48160
0
8737.88
803915
476519
354212
205546
48074.2
0
8746.85
804743
477033
354602
205774
48124.8
0
8805.12
810120
480370
357136
207252
48453.7
0
8675.09
798121
472923
351482
203953
47719.8
0
8822.83
811754
481384
357906
207701
48553.6
0
8595.12
791175
468714
348185
201943
47320.3
0
8572.64
789396
467680
347331
201385
47228.8
0
8666.33
797313
472421
351101
203731
47670.4
0
8733.35
803497
476259
354015
205431
48048.6
0
8718.43
802120
475405
353366
205052
47964.4
0
8606.7
792091
469247
348625
202230
47367.4
0
8717.17
802004
475333
353311
205020
47957.3
0
8921.41
820850
487030
362193
210202
49110.1
0
8533.5
786299
465879
345845
200414
47069.5
0
8497.9
783482
464242
344492
199532
46924.6
0
8422.1
777483
460755
341613
197652
46616.1
0
8436.29
778606
461408
342152
198004
46673.8
0
8753.44
805351
477410
354889
205941
48162
0
8542.08
786977
466274
346170
200627
47104.4
0
8884.38
817434
484909
360583
209263
48901.1
0
8714.74
801780
475194
353206
204959
47943.6
0
8544.18
787144
466371
346250
200679
47112.9
0
8587.12
790542
468346
347881
201744
47287.7
0
8763.91
806317
478010
355344
206206
48221.1
0
8546.84
787354
466493
346351
200745
47123.8
0
8591.36
790877
468541
348042
201849
47305
0
8593.41
791039
468635
348120
201900
47313.3
0
8499.09
783575
464297
344538
199561
46929.4
0
8389.67
774916
459263
340381
196847
46484.1
0
8792.22
808930
479631
356575
206925
48380.9
0
8623.1
793389
470001
349248
202637
47434.2
0
8776.28
807459
478718
355882
206520
48291
0
8488.29
782721
463800
344127
199293
46885.5
0
8839.05
813251
482313
358611
208113
48645.2
0
8601.18
791655
468993
348416
202093
47344.9
0
8752.45
805260
477353
354846
205916
48156.4
0
8520.29
785253
465272
345343
200087
47015.7
0
8595.22
791183
468719
348189
201945
47320.7
0
8682.96
798847
473373
351824
204152
47764.2
0
8759.59
805919
477762
355156
206097
48196.7
0
8741.38
804238
476719
354364
205635
48093.9
0
8622.59
793349
469978
349229
202624
47432.1
0
8564.9
788783
467324
347037
201193
47197.3
0
8699.42
800366
474316
352539
204570
47857.1
0
8660.24
796751
472072
350836
203576
47636
0
8578.22
789838
467937
347543
201524
47251.5
0
8580.11
789987
468024
347615
201570
47259.2
0
8641.56
795027
471002
350023
203102
47530.5
0
8851.89
814436
483048
359170
208439
48717.7
0
8728.27
803028
475968
353794
205302
48019.9
0
8565.69
788846
467360
347067
201213
47200.5
0
8760.02
805958
477787
355175
206108
48199.1
0
8588.69
790666
468418
347941
201783
47294.1
0
8749.82
805017
477203
354731
205849
48141.6
0
8522.59
785435
465377
345430
200144
47025.1
0
8800.48
809692
480104
356934
207134
48427.5
0
8483.98
782380
463602
343964
199186
46867.9
0
8528.9
785934
465668
345670
200300
47050.8
0
8571.87
789335
467645
347302
201366
47225.7
0
8669.82
797635
472621
351252
203819
47690
