0
8580.26
790293
468149
347902
201861
47239.5
0
8565.28
789200
467497
347422
201579
47172.3
0
9011.37
834751
493641
365747
212356
49774.1
0
9064.87
840470
496909
368024
213696
50097.9
0
8751.71
806998
477782
354698
205855
48202.7
0
8823.7
814693
482179
357761
207658
48638.4
0
8639.94
795052
470955
349942
203057
47526.2
0
8502.8
784640
464778
345416
200404
46891.5
0
8554.72
788429
467037
347083
201381
47124.8
0
8949.93
828184
489888
363133
210818
49402.3
0
8501.27
784528
464711
345367
200376
46884.6
0
8661.34
797339
472262
350853
203593
47655.7
0
8601.9
791872
469091
348597
202268
47336.8
0
8660.72
797272
472224
350826
203577
47652
0
8511.07
785243
465138
345682
200560
46928.6
0
8732
804892
476578
353860
205362
48083.4
0
8619.39
793148
469852
349158
202596
47415.3
0
8534.14
786927
466142
346422
200994
47032.3
0
8804.04
812591
480978
356925
207165
48519.3
0
8653.17
796465
471763
350505
203388
47606.3
0
8633.99
794415
470591
349689
202908
47490.2
0
8604.8
792084
469217
348690
202322
47349.8
0
8904.22
823299
487096
361188
209674
49125.6
0
8757.83
807652
478156
354959
206009
48239.7
0
8447.7
780618
462380
343648
199369
46643.9
0
8815.72
813839
481691
357422
207458
48590
0
8730.29
804709
476473
353787
205319
48073
0
8672.05
798483
472916
351308
203861
47720.6
0
8557.54
788635
467160
347173
201434
47137.5
0
8721.58
803778
475942
353416
205101
48020.3
0
8818.84
814174
481882
357555
207536
48609
0
8427.3
779130
461492
342993
198985
46552.2
0
8456.11
781233
462746
343918
199527
46681.7
0
8867.82
819408
484873
359639
208762
48905.4
0
8621.71
793318
469953
349232
202640
47425.8
0
8868.98
819533
484945
359688
208792
48912.4
0
8082.78
753986
446499
331937
192508
45004.2
0
8495.79
784128
464473
345192
200273
46860
0
8881.87
820910
485732
360237
209114
48990.4
0
8451.38
780887
462540
343766
199438
46660.5
0
8235.82
765155
453159
336848
195385
45691.9
0
8642.98
795376
471140
350071
203133
47544.6
0
8149.39
758848
449398
334075
193761
45303.5
0
8677.54
799071
473252
351542
203998
47753.8
0
8741.43
805900
477154
354261
205598
48140.5
0
8595.53
791407
468814
348392
202148
47308.2
0
9036.9
837480
495201
366834
212996
49928.6
0
8198.9
762461
451553
335664
194691
45526
0
8765.52
808474
478625
355286
206201
48286.3
0
8838.67
816293
483093
358398
208033
48728.9
0
8396.28
776866
460142
341998
198402
46412.9
0
8687.39
800123
473853
351961
204245
47813.4
0
8603.08
791958
469142
348635
202290
47342.1
0
8571.14
789627
467752
347610
201689
47198.6
0
8788.63
810944
480036
356269
206780
48426.1
0
8799.15
812068
480679
356717
207043
48489.8
0
8677.29
799044
473236
351531
203992
47752.3
0
8660.08
797204
472185
350799
203561
47648.1
0
8635.86
794616
470706
349769
202955
47501.6
0
8649.28
796050
471525
350339
203291
47582.8
0
8193.17
762042
451303
335480
194584
45500.2
0
8575.75
789964
467953
347758
201776
47219.3
0
9007.98
834390
493434
365603
212272
49753.6
0
8581.4
790376
468199
347939
201882
47244.7
0
9080.12
842100
497840
368673
214078
50190.2
0
8645.79
795676
471312
350191
203203
47561.6
0
8216.57
763750
452322
336231
195024
45605.4
0
9138.36
848325
501397
371151
215536
50542.7
0
8571.99
789690
467789
347637
201705
47202.4
0
8709.65
802502
475213
352908
204802
47948.1
0
8609.52
792428
469422
348841
202411
47371
0
8916.73
824636
487861
361720
209987
49201.4
0
8605.97
792169
469268
348728
202344
47355.1
0
8427.88
779172
461517
343012
198996
46554.8
0
8355.8
773912
458381
340699
197641
46231
0
8795.87
811718
480479
356577
206961
48469.9
0
8805.06
812700
481040
356968
207191
48525.5
0
8468.48
782135
463284
344315
199759
46737.3
0
8331.77
772158
457335
339928
197189
46123
0
8474.22
782554
463534
344499
199867
46763.1
0
8554.07
788381
467009
347062
201368
47121.8
0
8259.64
766894
454196
337613
195833
45798.9
0
8827.33
815080
482400
357916
207749
48660.3
0
8283.55
768638
455236
338380
196283
45906.3
0
8406.62
777621
460592
342330
198596
46459.3
0
8515.71
785582
465340
345831
200647
46949.5
0
8661.61
797368
472279
350864
203599
47657.4
0
8700.14
801485
474632
352503
204564
47890.5
0
8382.93
775892
459562
341570
198151
46352.9
0
8369.95
774944
458996
341153
197907
46294.5
0
8654
796554
471813
350540
203409
47611.3
0
8308.98
770494
456343
339196
196761
46020.6
0
8355.75
773908
458379
340697
197640
46230.8
0
8631.62
794162
470446
349588
202848
47475.9
0
8825.18
814851
482269
357824
207695
48647.3
0
8501.32
784532
464714
345369
200377
46884.9
0
8742.73
806038
477233
354316
205630
48148.3
0
8513.96
785454
465264
345775
200614
46941.7
0
8426.84
779096
461472
342979
198977
46550.2
0
8746.6
806451
477469
354480
205727
48171.7
0
8459.19
781457
462880
344017
199585
46695.5
0
8183.23
761317
450871
335161
194397
45455.6
0
8531.08
786704
466009
346324
200936
47018.6
0
8720.11
803621
475852
353354
205064
48011.4
0
8603.66
792000
469167
348653
202301
47344.7
0
8601.44
791839
469071
348582
202259
47334.7
0
8750.67
806886
477718
354654
205829
48196.3
0
8687.85
800172
473881
351981
204256
47816.2
0
8715.86
803166
475592
353172
204958
47985.7
0
8008.3
748551
443258
329547
191108
44669.6
0
8341.93
772900
457777
340254
197380
46168.7
0
8614.23
792772
469628
348993
202499
47392.2
0
8385.57
776084
459676
341654
198201
46364.8
0
8491.45
783811
464284
345052
200191
46840.5
0
8916.61
824623
487853
361715
209984
49200.6
0
8262.36
767092
454314
337700
195884
45811.1
0
8139.21
758105
448955
333748
193569
45257.8
0
8524.65
786234
465729
346118
200815
46989.7
0
8681.35
799478
473484
351704
204094
47776.8
0
8480.89
783041
463825
344713
199993
46793.1
0
8617.77
793030
469781
349106
202566
47408.1
0
8892.83
822082
486401
360703
209389
49056.8
0
9010.49
834658
493587
365710
212334
49768.8
0
8876.41
820327
485398
360004
208978
48957.4
0
8728.95
804566
476392
353730
205286
48064.9
0
8898.68
822706
486758
360952
209535
49092.1
0
8493.32
783948
464365
345112
200226
46848.9
0
8661.54
797360
472274
350861
203598
47657
0
8928.76
825922
488596
362232
210288
49274.2
0
8074.34
753370
446132
331666
192350
44966.3
0
8632.19
794223
470481
349612
202863
47479.3
0
8721.07
803723
475910
353394
205088
48017.2
0
8114.09
756271
447862
332942
193097
45144.9
0
8276.44
768119
454927
338152
196149
45874.4
0
8158.52
759514
449795
334368
193932
45344.5
0
8778.96
809911
479446
355858
206538
48367.6
0
8452.96
781002
462609
343817
199468
46667.5
0
8751.42
806967
477764
354686
205848
48200.9
0
8713.1
802871
475423
353055
204889
47969
0
8528.64
786525
465902
346246
200890
47007.6
0
8619.45
793153
469854
349160
202597
47415.6
0
8027.1
749922
444076
330150
191461
44754
0
8841.84
816632
483287
358533
208112
48748.1
0
8749.78
806791
477663
354616
205807
48191
0
8876.15
820299
485383
359994
208971
48955.8
0
8551.92
788225
466916
346993
201328
47112.2
0
8800.97
812263
480791
356794
207089
48500.8
0
8948.13
827992
489779
363056
210773
49391.4
0
8733.78
805082
476687
353935
205406
48094.2
0
8214.09
763569
452213
336151
194977
45594.2
0
8359.06
774150
458523
340804
197702
46245.6
0
8737.55
805484
476916
354095
205501
48116.9
0
8633.47
794359
470560
349667
202895
47487.1
0
8653.95
796548
471810
350538
203408
47611
0
8651.9
796330
471686
350451
203356
47598.6
0
8872.58
819917
485164
359841
208881
48934.2
0
8598.83
791649
468957
348498
202210
47323
0
8681.7
799515
473506
351719
204103
47779
0
8436.7
779816
461901
343295
199162
46594.5
0
8836.02
816010
482931
358286
207966
48712.9
0
8621.26
793285
469933
349218
202632
47423.8
0
8359.9
774210
458559
340830
197718
46249.4
0
8254.41
766512
453968
337445
195735
45775.4
0
8647.89
795901
471440
350280
203256
47574.3
0
8774
809380
479143
355647
206413
48337.6
0
8500.32
784459
464670
345337
200358
46880.3
0
8953.19
828533
490088
363272
210900
49422
0
8472.44
782424
463457
344442
199834
46755.1
0
8585.04
790642
468357
348056
201951
47261
0
8976.82
831059
491531
364277
211492
49565.1
0
8714.76
803048
475525
353126
204930
47979
0
8335.53
772432
457499
340048
197260
46139.9
0
8659.53
797146
472152
350776
203547
47644.8
0
8870.97
819745
485066
359773
208841
48924.4
0
8476.33
782708
463626
344567
199907
46772.5
0
8749.47
806759
477645
354603
205799
48189.1
0
8607.73
792298
469345
348784
202377
47363
0
8854.87
818024
484082
359088
208438
48827
0
8644.14
795500
471211
350121
203162
47551.6
0
8521.17
785980
465577
346006
200750
46974
0
8871.42
819793
485093
359792
208853
48927.2
0
8728.53
804520
476366
353712
205275
48062.4
0
8945.25
827685
489603
362934
210701
49374
0
8654.03
796558
471816
350542
203410
47611.5
0
8634.29
794448
470610
349702
202915
47492.1
0
8724.7
804111
476132
353549
205179
48039.2
0
8295.3
769496
455748
338757
196504
45959.1
0
8959.78
829238
490490
363552
211065
49461.9
0
8684.72
799838
473690
351848
204178
47797.2
0
8650.33
796162
471589
350384
203317
47589.1
0
8434.69
779669
461814
343231
199124
46585.5
0
8561.48
788922
467332
347300
201508
47155.1
0
8721.38
803756
475929
353408
205096
48019.1
0
8901.28
822984
486917
361063
209600
49107.9
0
8515.83
785591
465345
345835
200649
46950
0
8756.26
807484
478060
354892
205969
48230.2
0
8453.42
781036
462629
343832
199476
46669.6
0
9086.95
842830
498257
368963
214249
50231.5
0
8732.2
804912
476590
353868
205367
48084.6
0
8810.52
813284
481374
357201
207328
48558.6
0
8493.58
783967
464377
345120
200231
46850
0
8543.05
787577
466530
346708
201161
47072.3
0
8489.78
783690
464211
344999
200160
46833
0
8506.21
784888
464926
345526
200469
46906.8
0
8423.12
778825
461311
342859
198907
46533.5
0
8475.61
782655
463595
344544
199893
46769.3
0
8751.24
806948
477753
354678
205844
48199.8
0
8916.62
824624
487854
361716
209984
49200.7
0
8481.39
783077
463846
344729
200002
46795.3
0
8722.33
803858
475987
353448
205120
48024.9
0
8840.91
816533
483230
358494
208089
48742.5
0
8493.64
783972
464380
345123
200232
46850.4
0
8298.11
769701
455870
338847
196556
45971.8
0
8943.67
827516
489506
362867
210662
49364.4
0
8895.05
822319
486537
360798
209444
49070.2
0
8554.96
788446
467048
347090
201385
47125.9
0
8886.34
821388
486005
360427
209226
49017.5
0
8681.74
799519
473508
351721
204103
47779.2
0
8508.18
785032
465012
345589
200506
46915.7
0
8585.52
790677
468378
348071
201960
47263.2
0
8947.62
827937
489747
363034
210760
49388.3
0
8649.6
796084
471545
350353
203299
47584.7
0
8488.44
783592
464153
344956
200135
46827
0
8596.33
791466
468848
348418
202163
47311.8
0
7938.12
743429
440204
327295
189789
44354.2
0
8648.07
795920
471452
350288
203260
47575.4
0
8823.47
814668
482165
357752
207652
48637
0
8552.97
788301
466961
347026
201348
47116.9
0
8675.09
798808
473102
351438
203937
47738.9
0
8869.7
819609
484988
359719
208810
48916.8
0
8707.27
802248
475067
352807
204743
47933.7
0
8533.63
786890
466120
346406
200984
47030
0
8587.43
790816
468461
348133
201996
47271.8
0
8862.48
818838
484547
359412
208629
48873.1
0
8767.54
808689
478748
355371
206252
48298.4
0
8441.32
780153
462103
343443
199249
46615.3
0
8523.74
786168
465689
346088
200798
46985.6
0
8200.06
762546
451603
335701
194713
45531.2
0
8963.54
829639
490720
363712
211159
49484.7
0
8794.51
811572
480396
356519
206927
48461.7
0
8923.74
825386
488289
362019
210163
49243.8
0
8422.29
778764
461274
342833
198891
46529.7
0
8754.16
807260
477931
354802
205917
48217.5
0
8595.68
791419
468820
348397
202151
47308.8
0
8682.03
799550
473526
351733
204111
47781
0
8129.59
757403
448536
333439
193388
45214.6
0
8999.31
833462
492904
365234
212054
49701.1
0
8653.33
796482
471773
350512
203392
47607.3
0
8317.22
771096
456702
339461
196916
46057.6
0
8826.42
814983
482345
357877
207726
48654.8
0
8697.28
801180
474457
352382
204493
47873.3
0
8553.15
788314
466969
347032
201351
47117.7
0
8250.67
766239
453806
337325
195665
45758.6
0
8661.25
797329
472256
350849
203590
47655.2
0
8668.14
798065
472677
351142
203763
47696.9
0
8888.89
821660
486160
360535
209290
49032.9
0
8819.57
814251
481927
357586
207554
48613.4
0
8546.85
787855
466695
346830
201233
47089.4
0
8937.84
826892
489150
362618
210515
49329.1
0
8143.74
758435
449152
333893
193654
45278.1
0
8573.44
789795
467852
347683
201733
47208.9
0
8866.57
819275
484797
359586
208731
48897.8
0
8668.41
798094
472694
351153
203770
47698.5
0
8902.09
823072
486967
361097
209621
49112.8
0
9110.38
845334
499689
369960
214835
50373.3
0
8643.7
795454
471185
350102
203151
47549
0
8262.63
767112
454326
337709
195889
45812.3
0
8537.42
787166
466285
346527
201055
47047
0
8792.59
811367
480278
356438
206879
48450.1
0
8671.17
798389
472862
351271
203839
47715.2
0
8712.05
802759
475360
353011
204862
47962.7
0
8672.09
798488
472919
351310
203862
47720.8
0
8709.22
802456
475186
352890
204791
47945.5
0
8743.22
806091
477263
354337
205643
48151.3
0
8506.47
784907
464938
345534
200473
46908
0
8872.44
819903
485156
359836
208878
48933.4
0
8590.06
791008
468576
348217
202045
47283.6
0
8493.12
783933
464357
345106
200222
46848
0
8358.01
774073
458477
340770
197682
46240.9
0
8879.7
820678
485599
360145
209060
48977.3
0
8552.36
788257
466935
347007
201336
47114.2
0
8454.53
781117
462678
343868
199497
46674.6
0
8356.04
773929
458391
340707
197646
46232.1
0
8419.73
778577
461163
342750
198843
46518.2
0
8777.81
809788
479376
355809
206509
48360.6
0
8426.56
779075
461460
342970
198971
46548.9
0
8301.76
769968
456029
338965
196625
45988.2
0
8427.98
779180
461522
343015
198998
46555.3
0
8636.23
794655
470728
349784
202964
47503.8
0
8520.75
785950
465559
345993
200742
46972.2
0
8619.28
793140
469847
349154
202594
47414.9
0
8781.75
810209
479617
355976
206607
48384.5
0
8662.8
797495
472351
350915
203629
47664.6
0
8357.39
774028
458450
340750
197671
46238.1
0
8850.47
817554
483814
358901
208328
48800.4
0
8527.2
786420
465840
346199
200863
47001.1
0
8669.69
798231
472772
351208
203802
47706.3
0
8588.17
790871
468493
348156
202010
47275.1
0
8581.43
790378
468200
347940
201883
47244.8
0
8472.51
782429
463460
344444
199835
46755.4
0
8601.72
791859
469083
348591
202264
47336
0
8543.63
787620
466555
346727
201172
47075
0
8308.79
770481
456335
339190
196757
46019.8
0
8937.15
826819
489108
362589
210498
49325
0
8713.98
802965
475477
353093
204911
47974.3
0
8566.9
789318
467567
347473
201610
47179.5
0
8422.83
778803
461298
342850
198901
46532.2
0
8455.99
781224
462741
343914
199525
46681.2
0
8655.73
796739
471919
350614
203452
47621.8
0
8470.11
782254
463355
344367
199790
46744.6
0
8741.65
805923
477167
354270
205603
48141.8
0
8494.46
784031
464415
345149
200248
46854
0
8605.64
792145
469253
348717
202338
47353.6
0
8970.99
830436
491175
364029
211345
49529.8
0
8464.82
781868
463125
344198
199690
46720.8
0
8640.44
795104
470985
349963
203069
47529.2
0
8176.48
760824
450577
334944
194270
45425.2
0
8584.78
790623
468346
348048
201946
47259.9
0
8220.93
764069
452511
336371
195106
45625
0
8542.01
787502
466485
346675
201142
47067.7
0
8848.05
817295
483666
358797
208267
48785.7
0
8663.24
797542
472378
350933
203640
47667.2
0
8760.22
807908
478301
355060
206068
48254.2
0
8532.07
786776
466052
346356
200955
47023
0
8225.96
764436
452730
336532
195200
45647.6
0
8925.16
825537
488376
362079
210198
49252.4
0
8332.47
772209
457366
339950
197202
46126.2
0
8682.1
799558
473530
351736
204113
47781.4
0
8488.9
783625
464173
344970
200143
46829
0
8670.94
798365
472848
351261
203833
47713.8
0
8697.05
801156
474443
352372
204487
47871.9
0
9038.16
837615
495278
366887
213027
49936.3
0
8249.05
766121
453735
337273
195634
45751.3
0
8589.71
790982
468560
348206
202038
47282
0
8726.57
804310
476246
353628
205226
48050.5
0
8517.15
785687
465402
345877
200674
46956
0
8785.39
810597
479839
356131
206698
48406.5
0
8703.51
801846
474838
352647
204649
47911
0
8699.59
801427
474598
352480
204550
47887.2
0
8817.12
813990
481777
357482
207493
48598.5
0
8966.99
830008
490930
363859
211245
49505.5
0
8469.05
782177
463309
344334
199770
46739.9
0
8581.27
790367
468193
347935
201880
47244.1
0
8548.34
787963
466760
346878
201261
47096.1
0
8819.3
814222
481910
357574
207547
48611.7
0
8717.9
803385
475717
353260
205009
47998.1
0
8548.15
787949
466751
346872
201257
47095.2
0
8517.38
785704
465413
345884
200679
46957
0
8467.68
782076
463249
344289
199744
46733.7
0
8869.16
819552
484955
359696
208796
48913.5
0
8597.49
791550
468899
348455
202185
47316.9
0
8498.69
784340
464599
345285
200327
46873
0
8773.88
809367
479135
355641
206410
48336.8
0
8704.45
801946
474895
352687
204672
47916.6
0
8937.52
826858
489130
362605
210507
49327.2
0
8787.22
810793
479951
356209
206744
48417.6
0
8748.34
806638
477576
354555
205771
48182.3
0
8849.83
817485
483775
358873
208312
48796.5
0
8902.71
823138
487004
361124
209636
49116.5
0
8865.52
819162
484733
359541
208705
48891.4
0
8407.24
777666
460620
342350
198608
46462.1
0
8189.78
761795
451156
335371
194520
45485
0
8752.57
807090
477834
354735
205877
48207.9
0
8720.65
803678
475885
353377
205078
48014.7
0
8277.45
768194
454971
338185
196168
45878.9
0
8873.25
819989
485205
359870
208898
48938.3
0
8769.32
808880
478857
355447
206296
48309.2
0
8206.55
763019
451885
335909
194835
45560.3
0
8786.05
810668
479879
356159
206715
48410.5
0
8838.03
816224
483054
358371
208017
48725.1
0
8633.55
794368
470564
349670
202897
47487.5
0
8661.39
797344
472265
350855
203594
47656
0
8573.81
789822
467868
347695
201740
47210.6
0
8491.31
783801
464278
345048
200189
46839.9
0
8495.83
784131
464475
345193
200274
46860.2
0
8586.85
790774
468436
348114
201985
47269.2
0
8732.64
804960
476617
353887
205378
48087.3
0
8401.1
777217
460352
342153
198493
46434.5
0
8707.83
802308
475102
352831
204757
47937.1
0
8504.07
784732
464833
345457
200428
46897.2
0
8855.43
818084
484117
359112
208452
48830.4
0
9015.03
835143
493865
365903
212448
49796.3
0
8448.21
780655
462402
343664
199378
46646.2
0
8084.24
754092
446563
331984
192536
45010.8
0
8752.85
807120
477851
354747
205884
48209.6
0
8161.63
759741
449931
334468
193991
45358.5
0
8579.16
790213
468101
347867
201840
47234.6
0
8755.47
807400
478011
354858
205950
48225.4
0
8701
801578
474684
352540
204586
47895.8
0
8952.13
828420
490023
363227
210873
49415.6
0
8819.24
814216
481906
357572
207546
48611.4
0
9008.34
834428
493456
365618
212281
49755.8
0
8925.91
825617
488421
362111
210217
49256.9
0
8518.58
785792
465465
345923
200701
46962.4
0
8785.3
810588
479833
356128
206696
48406
0
8645.69
795666
471306
350187
203201
47561
0
8867.51
819376
484855
359626
208755
48903.5
0
8356.32
773949
458403
340716
197651
46233.3
0
8725.33
804178
476170
353576
205195
48043
0
8021.13
749487
443816
329959
191349
44727.2
0
8132.92
757645
448681
333546
193451
45229.5
0
8605.13
792108
469231
348701
202328
47351.3
0
8671.04
798375
472854
351265
203835
47714.4
0
8408.87
777785
460690
342402
198639
46469.4
0
8693.11
800734
474202
352204
204388
47848
0
8652.95
796443
471750
350496
203383
47605
0
8821.13
814418
482022
357652
207593
48622.8
0
8755.53
807406
478015
354861
205951
48225.8
0
8697.78
801234
474488
352403
204505
47876.3
0
9141.74
848686
501604
371295
215621
50563.1
0
8607.75
792299
469345
348785
202378
47363.1
0
8757.74
807642
478150
354955
206006
48239.1
0
8807.35
812945
481180
357066
207248
48539.4
0
8434.08
779624
461787
343211
199113
46582.7
0
8999.97
833533
492945
365262
212071
49705.1
0
8785.01
810558
479816
356115
206689
48404.2
0
8778.54
809866
479421
355840
206527
48365.1
0
8081.2
753871
446430
331886
192479
44997.1
0
8859.81
818552
484384
359298
208562
48856.9
0
8338.06
772617
457609
340130
197308
46151.3
0
8842.14
816663
483305
358546
208119
48749.9
0
8331.84
772163
457338
339930
197191
46123.3
0
8368.65
774850
458940
341111
197883
46288.7
0
8885.78
821328
485970
360403
209212
49014
0
8738.22
805556
476957
354124
205517
48121
0
8866.53
819270
484794
359584
208730
48897.5
0
8456.73
781277
462773
343938
199538
46684.5
0
8494.07
784003
464398
345136
200240
46852.3
0
8530.22
786641
465971
346296
200920
47014.7
0
8644.88
795579
471256
350152
203180
47556.1
0
8330.69
772079
457288
339893
197169
46118.2
0
8477.57
782799
463680
344607
199930
46778.1
0
8211.17
763356
452087
336057
194922
45581.1
0
8946.49
827817
489678
362986
210732
49381.5
0
8812.18
813461
481475
357271
207369
48568.6
0
8370.9
775014
459038
341184
197925
46298.8
0
8412.89
778078
460865
342531
198714
46487.5
0
8522.43
786072
465632
346046
200773
46979.7
0
8395.54
776812
460110
341974
198388
46409.5
0
8632.78
794286
470518
349637
202878
47482.9
0
8047.89
751440
444981
330817
191852
44847.4
0
8153.02
759112
449556
334191
193829
45319.8
0
8995.79
833086
492690
365084
211966
49679.8
0
8704.88
801992
474921
352705
204683
47919.2
0
8783.97
810446
479752
356071
206663
48397.9
0
8307.96
770420
456299
339164
196742
46016
0
8784
810449
479754
356072
206664
48398.1
0
8221.39
764102
452531
336385
195114
45627
0
8648.3
795945
471465
350298
203266
47576.8
0
8612.56
792650
469555
348939
202468
47384.7
0
8665.48
797781
472515
351029
203696
47680.8
0
8600.92
791801
469048
348565
202249
47332.4
0
8637.55
794796
470809
349840
202997
47511.8
0
8396.13
776855
460136
341993
198399
46412.2
0
8635.99
794630
470714
349774
202958
47502.3
0
9082.25
842328
497970
368763
214131
50203.1
0
8708.08
802335
475117
352842
204763
47938.6
0
8682.08
799556
473529
351735
204112
47781.3
0
8755.8
807435
478031
354872
205958
48227.4
0
8645.47
795642
471293
350177
203195
47559.7
0
8866.69
819288
484804
359591
208734
48898.5
0
8725.64
804211
476189
353589
205203
48044.9
0
8775.38
809528
479227
355705
206448
48345.9
0
8636.26
794658
470730
349785
202965
47503.9
0
8307.4
770379
456274
339146
196731
46013.5
0
8639.62
795017
470935
349928
203049
47524.3
0
8368.28
774823
458924
341099
197876
46287.1
0
8553.07
788308
466966
347030
201350
47117.3
0
8661.63
797370
472280
350865
203600
47657.5
0
8814.59
813719
481623
357374
207430
48583.2
0
8111.7
756097
447758
332865
193052
45134.2
0
8699.98
801469
474622
352497
204560
47889.6
0
8881.57
820878
485713
360224
209107
48988.6
0
8340.88
772823
457731
340220
197361
46163.9
0
8194.94
762172
451380
335537
194617
45508.2
0
8169.74
760333
450284
334728
194143
45395
0
8601.92
791874
469092
348597
202268
47336.9
0
8530.28
786646
465974
346299
200921
47015
0
8672.62
798544
472951
351333
203875
47724
0
8687.8
800166
473878
351978
204255
47815.9
0
8672.52
798534
472945
351328
203873
47723.4
0
8481.12
783058
463835
344721
199997
46794.1
0
8299.62
769812
455936
338896
196585
45978.6
0
8825.48
814882
482287
357837
207702
48649.1
0
8751.78
807006
477786
354701
205857
48203.1
0
8166.12
760069
450126
334612
194075
45378.7
0
8356.62
773971
458416
340725
197656
46234.7
0
8355.71
773905
458377
340696
197639
46230.6
0
8467.49
782063
463241
344283
199741
46732.8
0
8034.67
750475
444406
330393
191604
44788.1
0
8892.78
822077
486398
360701
209387
49056.5
0
8726.03
804253
476213
353605
205212
48047.2
0
8310.85
770631
456424
339256
196796
46029
0
8656.54
796826
471969
350649
203473
47626.7
0
8603.37
791979
469155
348644
202295
47343.4
0
8555.9
788515
467089
347121
201403
47130.1
0
8575.32
789933
467934
347744
201768
47217.4
0
8502.26
784600
464755
345399
200394
46889.1
0
8779.07
809922
479453
355862
206540
48368.2
0
8750.52
806871
477709
354647
205826
48195.5
0
8656.65
796837
471975
350653
203475
47627.3
0
8474.3
782560
463538
344502
199869
46763.4
0
8555.7
788501
467080
347114
201399
47129.2
0
8928.44
825888
488576
362219
210280
49272.3
0
8716.95
803282
475658
353219
204985
47992.3
0
8773.44
809321
479109
355623
206399
48334.2
0
8538.46
787242
466330
346561
201075
47051.7
0
8546.06
787797
466661
346805
201218
47085.9
0
8325.65
771711
457069
339731
197074
46095.5
0
8432.9
779538
461736
343173
199090
46577.4
0
8403.51
777394
460457
342230
198538
46445.4
0
8370.23
774964
459009
341162
197912
46295.8
0
8560.37
788841
467283
347264
201487
47150.2
0
8849.72
817474
483768
358869
208309
48795.8
0
8854.68
818004
484071
359080
208433
48825.8
0
8552.3
788252
466932
347005
201335
47113.9
0
8518.99
785821
465483
345936
200709
46964.2
0
8694.9
800926
474312
352281
204433
47858.8
0
8213.13
763499
452172
336120
194959
45589.9
0
8583.93
790561
468309
348020
201930
47256.1
0
8700.12
801484
474631
352503
204564
47890.4
0
8782.99
810342
479692
356029
206639
48392
0
8712.29
802785
475374
353021
204868
47964.1
0
8667.38
797984
472631
351109
203744
47692.3
0
8501.07
784514
464703
345361
200372
46883.7
0
8566.45
789285
467548
347459
201601
47177.5
0
8672.42
798524
472939
351324
203870
47722.8
0
8745.37
806320
477394
354428
205696
48164.3
0
8572.33
789714
467804
347648
201712
47203.9
0
8684.08
799769
473651
351820
204162
47793.3
0
8274.62
767987
454848
338094
196115
45866.2
0
8935.38
826630
489000
362514
210454
49314.3
0
8772.52
809222
479053
355584
206376
48328.6
0
8591.47
791111
468637
348262
202071
47289.9
0
8518.44
785781
465459
345918
200699
46961.8
0
8631.74
794175
470454
349593
202852
47476.6
0
8760.36
807923
478310
355066
206072
48255
0
8991.33
832610
492417
364895
211855
49652.9
0
8529.6
786596
465945
346277
200908
47011.9
0
8373.55
775207
459153
341269
197975
46310.7
0
8483.38
783222
463933
344793
200039
46804.2
0
8347.09
773276
458002
340420
197477
46191.9
0
8790.67
811163
480161
356356
206831
48438.5
0
9000.28
833567
492964
365276
212079
49707
0
8746.55
806447
477467
354479
205726
48171.5
0
8583.51
790530
468291
348007
201922
47254.2
0
8527.69
786457
465861
346215
200873
47003.4
0
8874.72
820146
485295
359933
208935
48947.2
0
8746.61
806453
477470
354481
205728
48171.8
0
8493.88
783989
464390
345130
200237
46851.4
0
8316.18
771020
456657
339427
196896
46053
0
8619.76
793176
469868
349170
202603
47417
0
8174.83
760704
450505
334891
194239
45417.8
0
8944.71
827627
489570
362911
210688
49370.7
0
8428.67
779230
461552
343037
199011
46558.4
0
8904.34
823311
487104
361193
209677
49126.4
0
8464.81
781867
463125
344197
199690
46720.8
0
8523.75
786168
465690
346089
200798
46985.6
0
8627.34
793729
470198
349413
202746
47451.1
0
8833.81
815774
482796
358192
207911
48699.6
0
8901.99
823061
486961
361093
209618
49112.2
0
8473.95
782534
463522
344491
199862
46761.9
0
8950.07
828200
489897
363139
210822
49403.1
0
8659.53
797145
472151
350775
203547
47644.8
0
8558.94
788737
467221
347218
201460
47143.8
0
8423.62
778861
461332
342875
198916
46535.7
0
8458.56
781411
462853
343997
199573
46692.7
0
8019.1
749339
443728
329893
191311
44718.1
0
8891.35
821924
486311
360640
209352
49047.8
0
8553.52
788342
466986
347044
201358
47119.4
0
8827.27
815075
482397
357914
207747
48660
0
8822.5
814565
482106
357710
207628
48631.1
0
8614.78
792812
469651
349010
202510
47394.7
0
8447.18
780580
462357
343631
199359
46641.6
0
8748.8
806687
477604
354574
205782
48185.1
0
8769.04
808850
478840
355435
206289
48307.5
0
8266.09
767365
454477
337820
195955
45827.9
0
8757.37
807602
478127
354939
205997
48236.9
0
8405
777502
460522
342278
198566
46452
0
8649.14
796035
471517
350334
203287
47581.9
0
8415.38
778260
460974
342611
198761
46498.7
0
8739.57
805700
477040
354182
205551
48129.2
0
8879.36
820642
485578
360130
209051
48975.2
0
8704.27
801927
474884
352679
204668
47915.6
0
8745.27
806309
477388
354424
205694
48163.7
0
8764.45
808360
478560
355240
206174
48279.8
0
8217.69
763832
452370
336266
195044
45610.4
0
8361.12
774300
458612
340870
197741
46254.9
0
8714.84
803057
475530
353129
204932
47979.5
0
8419.21
778539
461140
342734
198833
46515.9
0
8165.36
760013
450093
334587
194061
45375.3
0
8443.69
780326
462206
343520
199293
46625.9
0
8466.95
782023
463218
344266
199730
46730.4
0
8719.74
803581
475829
353338
205055
48009.2
0
8717.66
803359
475702
353249
205003
47996.6
0
8907.79
823681
487315
361340
209763
49147.3
0
8741.79
805938
477176
354276
205607
48142.7
0
8392.96
776623
459998
341891
198340
46397.9
0
8639.81
795037
470947
349936
203054
47525.4
0
8231.58
764846
452975
336712
195306
45672.8
0
8499.31
784385
464626
345304
200339
46875.8
0
8675.4
798842
473121
351451
203945
47740.8
0
8716.58
803243
475636
353203
204976
47990.1
0
8466.79
782012
463211
344261
199728
46729.7
0
8750.17
806833
477687
354632
205817
48193.3
0
8488.88
783624
464172
344970
200143
46828.9
0
8300.59
769882
455978
338927
196603
45982.9
0
8121.41
756805
448180
333177
193235
45177.8
0
8572.01
789691
467790
347638
201706
47202.5
0
8794.19
811538
480376
356506
206919
48459.7
0
8244.51
765790
453538
337127
195549
45730.9
0
8281.99
768525
455169
338330
196253
45899.3
0
8723.79
804013
476076
353510
205156
48033.7
0
8589.85
790993
468567
348210
202041
47282.7
0
8720.18
803628
475856
353356
205066
48011.9
0
8543.09
787580
466531
346709
201162
47072.5
0
8598.47
791622
468941
348487
202203
47321.3
0
8215.47
763670
452274
336195
195003
45600.4
0
8685.42
799912
473733
351877
204196
47801.5
0
8708.34
802362
475133
352852
204769
47940.2
0
8928.56
825900
488583
362223
210283
49272.9
0
8672.63
798545
472951
351333
203875
47724.1
0
8684.53
799818
473679
351840
204173
47796.1
0
8580.72
790327
468169
347917
201869
47241.6
0
8807.28
812937
481176
357063
207247
48539
0
8923.16
825324
488254
361994
210148
49240.3
0
8389.61
776379
459852
341784
198277
46382.9
0
8301.48
769947
456017
338956
196620
45986.9
0
8387.65
776236
459767
341721
198240
46374.1
0
8706.51
802167
475021
352775
204724
47929.1
0
8518.82
785809
465475
345931
200706
46963.5
0
8513.6
785428
465248
345763
200607
46940
0
8581.22
790363
468191
347933
201879
47243.8
0
8855.88
818132
484144
359131
208463
48833.1
0
8466.53
781992
463199
344252
199723
46728.5
0
8086.66
754269
446668
332061
192581
45021.6
0
8727.48
804408
476302
353667
205249
48056
0
8796.2
811753
480499
356591
206969
48471.9
0
8653.73
796525
471797
350529
203402
47609.7
0
8848.46
817339
483691
358815
208278
48788.2
0
8664.06
797630
472428
350968
203661
47672.2
0
8561.19
788901
467319
347290
201502
47153.9
0
8385.56
776083
459676
341654
198200
46364.7
0
8478.36
782856
463714
344632
199945
46781.7
0
8468.28
782121
463276
344309
199756
46736.4
0
8941.67
827302
489384
362781
210611
49352.3
0
8432.76
779528
461730
343169
199088
46576.8
0
8453.91
781072
462650
343847
199485
46671.8
0
8560.77
788871
467301
347277
201494
47152
0
8505.13
784810
464879
345491
200448
46902
0
8282.84
768587
455206
338358
196269
45903.2
0
8451.21
780874
462533
343761
199435
46659.7
0
8538.24
787226
466320
346554
201071
47050.7
0
8853.99
817930
484029
359050
208416
48821.7
0
8766.43
808571
478681
355325
206224
48291.8
0
8534.16
786929
466143
346423
200994
47032.4
0
8531.8
786756
466040
346347
200950
47021.8
0
8614.44
792787
469636
348999
202503
47393.1
0
8391.25
776499
459923
341837
198307
46390.3
0
8263.63
767185
454369
337741
195908
45816.8
0
8433.34
779570
461755
343187
199099
46579.4
0
8582.72
790473
468256
347981
201907
47250.6
0
8428.49
779217
461544
343032
199008
46557.6
0
8173.48
760606
450446
334848
194213
45411.8
0
8466.04
781957
463178
344237
199714
46726.3
0
8633.99
794416
470592
349689
202908
47490.3
0
9099.18
844137
499005
369484
214555
50305.6
0
8641.26
795192
471035
349998
203090
47534.2
0
8436.36
779791
461887
343284
199156
46593
0
8698.76
801338
474547
352445
204530
47882.2
0
8755.49
807402
478012
354859
205950
48225.5
0
8941.66
827301
489384
362781
210611
49352.3
0
8332.3
772196
457358
339945
197199
46125.4
0
8399.49
777100
460282
342101
198462
46427.3
0
8618.31
793070
469805
349123
202576
47410.5
0
8683.81
799741
473635
351809
204155
47791.8
0
8509.38
785120
465064
345628
200528
46921.1
0
8590.13
791013
468578
348219
202046
47283.9
0
8748.96
806704
477614
354581
205786
48186
0
8307.39
770379
456274
339145
196731
46013.5
0
8483.81
783254
463951
344807
200047
46806.2
0
8708.79
802410
475160
352872
204781
47942.9
0
8443.93
780344
462216
343527
199298
46627
0
8425.89
779027
461431
342948
198959
46545.9
0
8678.16
799136
473289
351568
204014
47757.5
0
8605.72
792151
469257
348719
202339
47353.9
0
8929.19
825968
488622
362250
210299
49276.8
0
8524.88
786251
465739
346125
200820
46990.7
0
8563.99
789105
467441
347380
201555
47166.4
0
8867.67
819392
484864
359633
208759
48904.5
0
8696.24
801069
474394
352338
204466
47866.9
0
8562.18
788973
467362
347322
201521
47158.3
0
8416.66
778353
461029
342652
198785
46504.4
0
8500.8
784494
464691
345352
200367
46882.5
0
7962.21
745187
441252
328068
190242
44462.4
0
8155.53
759296
449665
334272
193876
45331.1
0
8413.18
778099
460878
342540
198720
46488.8
0
8716.69
803255
475643
353208
204978
47990.7
0
8388.13
776271
459788
341736
198249
46376.2
0
8437.97
779908
461957
343336
199186
46600.2
0
8748.09
806611
477561
354544
205765
48180.8
0
8985.13
831947
492038
364631
211699
49615.3
0
8656.44
796815
471963
350644
203470
47626.1
0
8742.47
806011
477217
354305
205624
48146.8
0
8879.88
820697
485610
360152
209064
48978.4
0
8663.85
797607
472415
350959
203655
47670.9
0
8535.84
787051
466216
346477
201026
47040
0
8772.33
809202
479041
355575
206372
48327.5
0
8332.89
772239
457384
339964
197210
46128
0
8610.88
792528
469482
348885
202436
47377.1
0
8657.23
796899
472011
350678
203490
47630.9
0
8986.55
832099
492125
364691
211735
49623.9
0
8754.85
807334
477973
354832
205934
48221.7
0
8309.44
770528
456363
339211
196769
46022.7
0
8776.59
809657
479301
355757
206478
48353.2
0
8440.67
780106
462074
343423
199237
46612.3
0
8759.15
807793
478236
355015
206042
48247.7
0
8292.75
769310
455637
338676
196456
45947.7
0
8521.56
786009
465594
346018
200757
46975.8
0
8526.64
786380
465815
346182
200853
46998.6
0
8425.18
778975
461400
342925
198945
46542.7
0
9175.48
852292
503665
372730
216465
50767.3
0
8277.29
768182
454964
338179
196165
45878.2
0
8135.54
757836
448795
333630
193500
45241.3
0
8701.66
801649
474725
352568
204602
47899.8
0
8546.83
787853
466694
346829
201232
47089.3
0
8426.91
779101
461475
342981
198978
46550.5
0
8699.65
801433
474602
352483
204552
47887.6
0
8252.46
766370
453884
337382
195698
45766.6
0
8602.68
791929
469125
348622
202282
47340.3
0
8866.49
819267
484792
359582
208729
48897.3
0
8445.17
780434
462270
343567
199321
46632.6
0
8557.96
788665
467178
347187
201442
47139.3
0
8100.52
755281
447271
332506
192842
45083.9
0
8530.11
786633
465967
346293
200918
47014.2
0
8972.97
830647
491296
364113
211395
49541.8
0
8662.96
797512
472361
350922
203633
47665.6
0
8653.4
796490
471777
350515
203394
47607.7
0
8376.63
775432
459287
341368
198033
46324.6
0
8677.65
799082
473258
351547
204001
47754.5
0
8762.7
808173
478453
355166
206131
48269.2
0
8828.75
815232
482487
357976
207784
48668.9
0
8693.56
800783
474230
352224
204399
47850.7
0
8477.32
782780
463669
344599
199926
46777
0
8530.66
786673
465990
346311
200928
47016.7
0
8401.78
777268
460382
342175
198505
46437.6
0
8413.75
778141
460903
342559
198730
46491.4
0
8760.23
807909
478302
355061
206069
48254.2
0
8891.74
821965
486334
360657
209361
49050.1
0
8985.13
831947
492038
364631
211700
49615.3
0
8674.79
798776
473084
351425
203929
47737.2
0
8725.35
804180
476171
353576
205195
48043.1
0
8750.44
806862
477704
354644
205823
48195
0
8511.44
785271
465154
345694
200567
46930.3
0
8329.11
771963
457219
339842
197139
46111
0
8401.55
777250
460372
342167
198501
46436.5
0
8674.7
798766
473078
351421
203927
47736.6
0
8664.59
797686
472461
350991
203674
47675.4
0
8635.03
794526
470655
349733
202934
47496.5
0
8901.04
822959
486902
361052
209594
49106.4
0
8769.54
808904
478871
355457
206302
48310.6
0
8112.06
756123
447773
332877
193059
45135.8
0
8522.86
786104
465651
346060
200782
46981.6
0
8828.51
815207
482473
357966
207778
48667.5
0
8622.83
793400
470002
349269
202661
47430.8
0
8617.55
793014
469772
349099
202562
47407.1
0
8749.82
806796
477666
354618
205808
48191.2
0
8970.04
830334
491117
363989
211322
49524
0
7985.1
746858
442248
328802
190672
44565.3
0
8135.2
757812
448780
333619
193494
45239.7
0
8658.27
797010
472074
350722
203516
47637.1
0
8742.11
805972
477195
354289
205615
48144.6
0
8839.44
816375
483140
358431
208052
48733.6
0
8847.02
817185
483603
358754
208242
48779.5
0
8533.92
786911
466132
346415
200990
47031.3
0
8507.77
785003
464994
345576
200498
46913.8
0
8626.1
793638
470144
349374
202723
47445.5
0
8241.83
765594
453421
337041
195498
45718.9
0
8242.81
765665
453464
337073
195517
45723.3
0
8269.43
767608
454622
337927
196017
45842.9
0
8963.28
829612
490704
363701
211152
49483.1
0
8700.4
801513
474648
352515
204571
47892.1
0
8890.04
821784
486231
360585
209319
49039.9
0
8425.08
778967
461396
342922
198943
46542.3
0
9001.4
833685
493032
365323
212107
49713.8
0
8592.27
791169
468672
348288
202086
47293.5
0
8794.97
811622
480424
356539
206939
48464.5
0
8427.53
779147
461502
343001
198990
46553.3
0
8538.94
787277
466351
346576
201084
47053.9
0
8423.95
778885
461346
342886
198922
46537.2
0
8786.49
810715
479906
356178
206726
48413.2
0
7960.26
745045
441167
328005
190205
44453.7
0
8283.09
768605
455217
338365
196274
45904.3
0
8838.9
816317
483107
358408
208038
48730.4
0
8646.37
795738
471347
350215
203218
47565.1
0
8391.09
776487
459917
341832
198305
46389.6
0
8393.47
776661
460020
341908
198349
46400.2
0
8620.55
793233
469902
349195
202618
47420.6
0
8409.21
777809
460705
342413
198645
46471
0
9087.1
842846
498266
368970
214252
50232.4
0
8552.56
788271
466943
347013
201340
47115.1
0
9000.33
833571
492967
365277
212080
49707.3
0
8280.52
768417
455105
338283
196226
45892.7
0
8782.86
810327
479684
356023
206635
48391.2
0
8624.48
793520
470073
349322
202692
47438.2
0
8382.11
775832
459526
341543
198136
46349.2
0
8983.42
831764
491934
364558
211657
49605
0
8118.48
756592
448053
333083
193179
45164.6
0
8907.17
823614
487277
361313
209748
49143.5
0
8996.15
833125
492712
365100
211975
49682
0
8438.16
779922
461965
343342
199189
46601.1
0
8533.75
786899
466125
346410
200986
47030.6
0
8457.26
781317
462796
343955
199548
46686.9
0
8527.31
786429
465845
346203
200865
47001.6
0
8598.73
791641
468953
348495
202208
47322.5
0
8870.61
819706
485044
359757
208832
48922.2
0
8229.99
764730
452905
336661
195276
45665.7
0
8684.54
799818
473679
351840
204173
47796.1
0
8556.6
788566
467119
347143
201416
47133.2
0
8661.21
797325
472254
350847
203589
47655
0
8657.26
796902
472013
350679
203490
47631
0
8619.55
793160
469859
349163
202599
47416.1
0
8811.61
813401
481440
357247
207355
48565.2
0
8644.83
795574
471253
350150
203179
47555.8
0
8425.64
779009
461420
342940
198954
46544.8
0
8037.78
750702
444541
330493
191662
44802
0
8286.53
768856
455366
338476
196339
45919.7
0
8488.91
783626
464174
344971
200143
46829.1
0
8600.21
791749
469017
348543
202236
47329.2
0
8256.54
766668
454061
337514
195775
45785
0
8821.36
814443
482036
357662
207599
48624.2
0
8906.97
823592
487264
361305
209742
49142.3
0
8409.29
777816
460709
342416
198647
46471.3
0
8846.39
817117
483564
358727
208226
48775.6
0
8739.09
805649
477011
354161
205539
48126.3
0
8711.24
802673
475310
352976
204842
47957.8
0
8841.88
816635
483289
358535
208113
48748.4
0
8766.76
808607
478701
355339
206232
48293.8
0
8699.43
801410
474589
352474
204546
47886.3
0
8277.67
768210
454981
338192
196172
45879.9
0
8337.84
772600
457599
340122
197303
46150.3
0
8762.66
808168
478451
355164
206129
48268.9
0
9127.67
847182
500745
370696
215268
50478
0
8427.77
779164
461513
343009
198994
46554.4
0
8295.8
769532
455769
338773
196513
45961.4
0
8804.28
812617
480993
356935
207172
48520.8
0
8443.7
780326
462206
343520
199293
46625.9
0
8422.17
778755
461269
342829
198889
46529.2
0
8510.45
785198
465111
345662
200548
46925.9
0
8705.9
802101
474983
352749
204708
47925.4
0
8358.22
774088
458486
340777
197687
46241.9
0
8686.12
799987
473775
351907
204213
47805.7
0
8970.57
830391
491149
364011
211335
49527.2
0
8820.59
814360
481989
357629
207580
48619.5
0
8528.11
786487
465880
346229
200880
47005.2
0
8567.41
789355
467590
347490
201619
47181.8
0
8653.74
796526
471798
350529
203402
47609.7
0
8401.53
777249
460371
342167
198501
46436.5
0
8297.77
769676
455855
338837
196550
45970.2
0
8786.95
810764
479934
356197
206738
48415.9
0
8653.49
796500
471782
350519
203396
47608.2
0
8619.68
793170
469865
349168
202602
47416.7
0
8513.55
785425
465246
345762
200607
46939.8
0
8466.68
782004
463206
344257
199725
46729.2
0
8838.36
816260
483074
358385
208025
48727.1
0
8296.49
769583
455800
338796
196526
45964.5
0
8870.22
819665
485020
359741
208822
48919.9
0
8180.06
761086
450733
335059
194337
45441.3
0
8731.08
804793
476522
353820
205339
48077.8
0
8306.14
770287
456219
339105
196707
46007.8
0
8711.66
802718
475336
352994
204853
47960.3
0
8745.59
806344
477408
354438
205702
48165.6
0
8733.88
805092
476693
353939
205409
48094.8
0
8498.35
784315
464585
345274
200321
46871.5
0
8725.62
804210
476188
353588
205202
48044.8
0
8885.62
821311
485961
360396
209208
49013.1
0
8379.26
775624
459402
341452
198082
46336.4
0
8685.67
799939
473748
351888
204202
47803
0
8179.42
761039
450705
335039
194325
45438.5
0
8526.36
786360
465804
346173
200848
46997.4
0
8338.85
772674
457643
340155
197322
46154.8
0
8442.64
780249
462160
343486
199274
46621.2
0
8809.57
813182
481316
357160
207304
48552.8
0
8370.31
774970
459012
341165
197914
46296.2
0
8646.82
795787
471375
350235
203229
47567.9
0
8795.34
811662
480447
356555
206948
48466.7
0
8441.88
780194
462127
343461
199259
46617.8
0
8765.95
808520
478651
355304
206212
48288.9
0
8544.77
787703
466605
346763
201194
47080.1
0
8764.84
808401
478583
355257
206184
48282.1
0
8537.18
787149
466274
346520
201051
47046
0
8669.21
798180
472743
351188
203790
47703.4
0
9012.97
834923
493739
365816
212397
49783.8
0
8715.54
803132
475573
353159
204950
47983.8
0
8631.72
794172
470453
349592
202851
47476.5
0
8815.84
813852
481699
357427
207461
48590.8
0
8371.21
775036
459051
341193
197931
46300.2
0
8564.45
789139
467461
347395
201564
47168.5
0
8427.99
779180
461523
343016
198998
46555.4
0
9027.13
836436
494604
366418
212751
49869.5
0
9095.91
843787
498805
369345
214473
50285.8
0
8624.94
793554
470093
349336
202701
47440.3
0
8435.83
779752
461864
343267
199146
46590.6
0
8895.71
822390
486577
360826
209461
49074.2
0
8542
787500
466484
346674
201141
47067.6
0
8756.32
807490
478063
354894
205971
48230.5
0
8703.57
801853
474842
352650
204650
47911.3
0
8999.95
833531
492944
365261
212071
49705
0
8526.73
786386
465819
346184
200854
46999
0
8588.74
790912
468518
348174
202020
47277.6
0
8644.7
795560
471246
350145
203176
47555
0
8720.26
803636
475861
353360
205068
48012.3
0
8473.8
782523
463516
344486
199859
46761.2
0
8319.25
771244
456790
339526
196954
46066.7
0
8092.49
754695
446922
332249
192691
45047.9
0
8705.77
802087
474975
352743
204705
47924.6
0
8974.35
830795
491380
364172
211430
49550.1
0
8119.45
756663
448095
333114
193198
45169
0
8360.5
774254
458585
340850
197729
46252.1
0
8632.31
794236
470489
349617
202866
47480.1
0
8364.86
774573
458775
340990
197811
46271.7
0
8711.28
802676
475312
352977
204843
47958
0
8644.79
795569
471251
350148
203178
47555.6
0
8605.66
792147
469254
348718
202338
47353.7
0
8879.3
820635
485575
360127
209050
48974.8
0
8348.76
773398
458074
340473
197509
46199.3
0
8628.94
793876
470283
349474
202782
47459.7
0
8870.77
819723
485054
359764
208836
48923.2
0
8323.31
771541
456967
339656
197030
46085
0
8634.42
794461
470618
349707
202919
47492.8
0
8563.08
789039
467401
347351
201538
47162.4
0
8869.73
819612
484990
359720
208810
48916.9
0
8641.78
795248
471067
350020
203103
47537.4
0
8389.53
776373
459849
341781
198275
46382.5
0
8112.36
756145
447787
332886
193064
45137.1
0
8695.29
800967
474336
352297
204443
47861.2
0
8820.41
814341
481978
357622
207575
48618.5
0
8861.12
818692
484464
359354
208595
48864.8
0
8673.3
798617
472993
351362
203892
47728.1
0
8553.47
788338
466983
347043
201357
47119.2
0
8750.77
806897
477724
354658
205832
48197
0
8730.45
804726
476483
353794
205323
48074
0
8781.88
810223
479624
355982
206611
48385.3
0
8656.28
796798
471953
350637
203466
47625.1
0
8825.94
814932
482316
357857
207714
48651.9
0
8812.45
813490
481491
357283
207376
48570.3
0
8778.33
809843
479408
355831
206522
48363.8
0
8801.18
812286
480803
356803
207094
48502.1
0
8317.09
771086
456696
339456
196913
46057
0
8676.68
798978
473199
351505
203977
47748.6
0
8850.49
817556
483815
358902
208329
48800.5
0
8739.95
805741
477063
354198
205561
48131.5
0
8843.79
816840
483406
358616
208161
48760
0
8817.34
814013
481790
357491
207498
48599.9
0
8563.65
789081
467426
347369
201549
47164.9
0
8875.01
820177
485313
359945
208942
48948.9
0
8333.35
772273
457404
339978
197219
46130.1
0
8883.35
821068
485822
360300
209151
48999.3
0
8244.35
765778
453531
337122
195546
45730.2
0
9041.33
837954
495471
367022
213107
49955.5
0
9057.09
839638
496434
367693
213501
50050.8
0
8809.05
813127
481284
357138
207291
48549.7
0
8320.71
771351
456854
339573
196981
46073.3
0
8615
792828
469661
349017
202514
47395.6
0
8672.35
798516
472935
351321
203868
47722.4
0
8261.18
767006
454263
337662
195862
45805.8
0
8486.14
783424
464053
344882
200091
46816.6
0
8600.59
791776
469034
348555
202243
47330.9
0
8537.77
787192
466300
346539
201062
47048.6
0
8674.32
798726
473055
351405
203918
47734.3
0
8677.94
799113
473276
351559
204008
47756.2
0
8751.97
807026
477797
354709
205862
48204.2
0
8685.3
799900
473726
351872
204193
47800.8
0
9012.07
834826
493684
365777
212374
49778.4
0
8907.83
823684
487317
361341
209764
49147.5
0
8740.05
805752
477070
354202
205563
48132.1
0
8732.52
804947
476609
353881
205375
48086.5
0
8706.26
802140
475005
352764
204717
47927.6
0
8446.76
780550
462339
343618
199351
46639.7
0
8518.92
785816
465479
345934
200708
46963.9
0
8282.88
768589
455207
338359
196270
45903.3
0
8694.12
800842
474264
352247
204413
47854.1
0
8840.43
816481
483200
358473
208077
48739.6
0
8607.91
792311
469352
348790
202381
47363.8
0
8683.24
799680
473600
351785
204141
47788.3
0
8642.65
795341
471120
350057
203125
47542.6
0
8567.79
789382
467606
347502
201626
47183.5
0
8876.06
820289
485377
359990
208969
48955.2
0
8279.43
768338
455057
338248
196205
45887.8
0
8734.43
805151
476726
353963
205423
48098.1
0
8268.18
767517
454567
337887
195994
45837.3
0
8425.1
778969
461397
342923
198944
46542.4
0
8250.26
766209
453788
337312
195657
45756.8
0
8823.45
814666
482163
357751
207651
48636.8
0
8736.38
805359
476845
354046
205471
48109.9
0
8724.87
804129
476142
353556
205183
48040.2
0
8648.41
795956
471472
350302
203269
47577.5
0
8881.81
820904
485728
360234
209113
48990
0
8551.86
788220
466913
346991
201327
47111.9
0
8529.75
786606
465951
346281
200911
47012.6
