0
8404.48
792648
469452
348929
202184
47353.5
0
8905.74
795709
471899
350274
203928
47712.5
0
7822.96
789275
467315
347175
200557
46705.5
0
8768.65
794601
470653
349861
203263
47447.5
0
8510.24
793681
470373
349472
202793
47503.6
0
8141.26
790728
468131
347843
201101
46972.8
0
8343.51
792235
469492
348634
202130
47184.1
0
8622.7
794009
470587
349478
202966
47477.6
0
8503.85
792875
469706
348786
202271
47235
0
8388.41
792087
469038
348546
201905
47118.9
0
8996.33
795868
471555
350462
203761
47782.5
0
9087.99
796386
471795
350818
204042
47871.5
0
8306.67
792169
469203
348667
201983
47226.8
0
8685.9
793495
469661
349329
202527
47320.8
0
8986.25
796864
472471
351117
204311
48080.8
0
9014.47
796432
471936
350892
204044
48015.7
0
8275.76
791892
468867
348535
201698
47166
0
8321.61
792118
469205
348656
201979
47251.6
0
8854.75
795312
471412
350146
203578
47714
0
8421.41
793146
469783
349302
202399
47497.4
0
8620.52
792886
469527
348951
202331
47238.6
0
8569.13
793356
469916
349259
202500
47460.5
0
8325.23
792054
469001
348608
201892
47138.4
0
8847.74
794686
470724
349838
203234
47507.2
0
8392.36
792112
469075
348534
201889
47183.4
0
8446.68
792916
469586
349116
202302
47392.3
0
8601.95
793303
469954
349002
202487
47292.2
0
8509.06
793481
470099
349319
202659
47397.4
0
8978.58
794984
471088
349787
203322
47572.9
0
8816.48
794666
470646
349919
203147
47594.4
0
8538.31
793743
470366
349448
202761
47529.5
0
8588.98
793611
470159
349345
202662
47428.9
0
8680.5
793720
470193
349388
202730
47437.5
0
8439.23
793441
470206
349380
202714
47455.8
0
7965.28
790816
468476
348084
201390
47056.5
0
8394.46
792557
469550
348831
202221
47282
0
8508.31
793091
469813
349017
202359
47355.1
0
9075.78
795830
471290
350360
203506
47808.3
0
8174.07
791776
468872
348605
201832
47116.6
0
8298.01
791258
468507
348009
201542
46840.7
0
8867.42
795442
471552
350369
203852
47697.9
0
8671.69
794043
470317
349621
202876
47525.5
0
8400.05
792210
469280
348546
202073
47086.3
0
8461.45
793236
469825
349283
202560
47337.8
0
8943.83
794459
470496
349464
202977
47388.3
0
9207.88
797189
472364
351206
204415
48055.6
0
8269.36
791389
468608
348204
201523
47049.7
0
8272.28
792547
469576
348937
202273
47261.6
0
8950.54
795793
471663
350508
203845
47845
0
9022.12
796619
472205
350864
204125
48009.7
0
8530.75
793558
470408
349163
202748
47335.2
0
8566.99
793438
470281
349144
202665
47343.4
0
8452.51
793466
470006
349447
202514
47604.4
0
8808.18
794967
471190
349894
203354
47659.6
0
8514.52
793282
469997
349223
202699
47289.7
0
8388.98
792510
469228
348951
202112
47308.9
0
7919.53
790421
468114
347928
201181
46978.3
0
8161.66
791169
468562
348153
201528
47043.4
0
8223.04
791126
468378
348075
201430
46960
0
8610.63
794270
470677
349652
202935
47602.3
0
9062.96
796248
471817
350663
203962
47886.6
0
8734.72
794657
470900
349791
203135
47668
0
8545.59
793151
469828
348987
202296
47389.3
0
8822.98
795326
471452
350264
203732
47672.5
0
8445.49
793159
469717
349338
202510
47421.9
0
8740.93
795146
471157
350201
203333
47801.6
0
8955.7
795212
471120
350046
203438
47634.4
0
8491.55
792947
469666
349071
202400
47287
0
8682.66
794453
470989
349699
203296
47499.8
0
8806.48
795011
470983
350104
203275
47772.5
0
8520.15
793005
469672
349073
202392
47300.9
0
8490.33
791901
468887
348320
201745
47074.1
0
8634.76
793869
470351
349391
202747
47519.1
0
8524.1
793618
470203
349508
202793
47451.7
0
9083.78
795578
471347
350098
203483
47758
0
8458.95
793516
470371
349401
202788
47471.4
0
8587.8
793692
470060
349548
202741
47488.6
0
8876.87
794926
470929
349944
203227
47690.3
0
8816.52
795688
471529
350563
203759
47855.6
0
8938.79
795747
471378
350556
203696
47880
0
8806.21
795063
471009
350149
203371
47698.8
0
9141.67
795992
471528
350411
203784
47765.4
0
8699.77
794184
470447
349615
202951
47457.8
0
8380.12
792061
468867
348637
201827
47201.1
0
8254.08
791848
469034
348491
201795
47230.6
0
8633.3
794153
470605
349576
202917
47601.9
0
8430.9
792740
469517
348937
202265
47231.5
0
8921.24
795739
471508
350381
203564
47889.6
0
8728.61
793653
469939
349326
202626
47405.1
0
8613.51
794567
470868
349917
203074
47730.3
0
8658.66
794361
470783
349765
203181
47545.7
0
9006.22
795902
471794
350486
203857
47878.7
0
8314.46
792079
469133
348583
201860
47232.4
0
8604.46
793716
470279
349281
202700
47393.6
0
8329.13
792655
469615
349061
202398
47309.3
0
8149.41
791183
468489
348198
201418
47090.3
0
8301.02
792190
469322
348592
201976
47204.6
0
8886.58
794864
470831
349948
203205
47661
0
8306.08
791690
468822
348387
201738
47071.7
0
8346.8
792674
469503
349041
202255
47403.1
0
8624.5
794006
470384
349587
202876
47497.3
0
8911.01
795026
471018
349867
203244
47590.5
0
8369.09
792078
469241
348539
202001
47123.1
0
8510.35
792678
469536
348806
202214
47246.9
0
8906.95
794975
470930
349915
203197
47693.1
0
8558.7
792692
469330
348787
202106
47265.7
0
8412.25
792322
468983
348802
201870
47307.4
0
8404.68
792461
469402
348792
202174
47231.4
0
8573.89
793805
470181
349588
202814
47484.4
0
8608.88
792986
469591
349030
202364
47293.2
0
8377.26
792052
469082
348488
201824
47195.3
0
8843.13
795342
471359
350219
203542
47765.3
0
8571.44
793021
469633
349014
202434
47216.7
0
8561.83
793305
470122
349006
202473
47375.6
0
8825.87
794870
470810
349985
203174
47682.4
0
8719.04
794518
470607
349907
203075
47642.4
0
8998.3
795730
471520
350426
203725
47821.3
0
8629.32
793108
469782
348915
202405
47283.8
0
8113.66
791276
468646
348205
201420
47191
0
8398.31
791440
468535
348133
201523
47002
0
8864.14
794965
471133
350062
203431
47698.2
0
8814.35
795886
471663
350722
203827
47936.9
0
8992.4
795999
471689
350447
203791
47793.6
0
8305.23
791774
468696
348567
201715
47189.6
0
8476.21
793666
470351
349426
202712
47484.3
0
8611.6
793397
469926
349230
202530
47387.5
0
8739.27
794274
470736
349496
202984
47498.9
0
8797.63
795287
471431
350279
203605
47755.3
0
8294.19
791859
468796
348584
201752
47139.7
0
8614.84
793457
469740
349349
202614
47316.8
0
8424.63
793362
470124
349442
202688
47522.6
0
9066.87
796316
472015
350678
204087
47855.5
0
8558.04
793963
470411
349638
202931
47509
0
8714.89
794189
470376
349720
203031
47476.6
0
8515.97
792878
469649
348862
202304
47204
0
8472.34
792355
469262
348637
202126
47097.9
0
8833.97
795111
471176
350102
203399
47723.2
0
8306.41
792473
469404
348973
202226
47275.2
0
8950.25
795707
471330
350543
203765
47782.8
0
8538.65
793246
469912
349172
202568
47331.3
0
8791.61
795135
471289
350115
203518
47682.2
0
8744.34
793920
470219
349316
202689
47435.3
0
8351.87
792393
469227
348865
202086
47262.9
0
8306.96
791807
468925
348376
201715
47130.2
0
9186.65
797383
472765
351091
204516
48041.8
0
8677.09
793556
469867
349306
202637
47328.5
0
8473.25
793104
469743
349196
202513
47359.3
0
8853.07
794690
470678
349854
203116
47629.7
0
8627.24
792935
469412
348943
202238
47206
0
8389.74
793556
470319
349457
202696
47540.9
0
8757.2
794244
470560
349531
203007
47441.2
0
8679.44
794576
470734
350018
203228
47649.1
0
8910.27
795250
471388
350010
203578
47620.7
0
8330.71
792929
469784
349158
202299
47502.6
0
8753.8
795572
471564
350440
203584
47961.1
0
8934.26
795629
471340
350422
203631
47807.5
0
9127.29
796653
472071
350877
204216
47887.6
0
8566.93
794403
470845
349831
203120
47598.7
0
8720.44
794360
470573
349824
203087
47565.7
0
8118.24
791060
468350
348242
201438
47082.3
0
8341.87
792143
469164
348745
202163
47103.9
0
8066.08
790219
467670
347633
200951
46760.5
0
8574.71
792908
469537
348910
202333
47176.3
0
8878.38
795225
470825
350388
203334
47869
0
8471.87
792835
469812
348963
202505
47237.2
0
8595.48
793152
469746
349030
202393
47342.8
0
8650.03
794292
470615
349666
202925
47590.6
0
8359.54
792053
469042
348509
201803
47187
0
7976.63
789978
467932
347510
201028
46767.1
0
8669.84
792847
469167
348957
202070
47318.8
0
8992.12
796420
472005
350917
204179
47906.5
0
8237.09
791010
468089
348117
201310
46995.9
0
8460.35
793969
470737
349541
202960
47578.4
0
9068.15
796077
471802
350391
203870
47746.1
0
8800.24
794628
470864
349851
203217
47562.7
0
8362.58
791920
468916
348503
201849
47105.4
0
8939.65
795366
471135
350270
203530
47681.4
0
8671.01
794236
470615
349606
202956
47572.3
0
8912.81
795464
471236
350290
203488
47758.5
0
9115.82
796392
471844
350570
203842
47917.1
0
8144.63
792385
469759
348875
202264
47290
0
8615.19
794220
470536
349728
202947
47611.6
0
8445.3
792888
469636
349034
202344
47293.1
0
8580.65
793273
469797
349149
202513
47264.7
0
8223.19
791571
468839
348445
201683
47168.2
0
8603.36
793830
470268
349507
202787
47474.3
0
8492.8
792672
469402
348764
202057
47295.8
0
8459.85
792317
469276
348748
202042
47249.8
0
8438.33
793542
470226
349411
202718
47493.1
0
8436.79
792414
469331
348632
202003
47252
0
8526.5
793636
470282
349339
202684
47503.2
0
8480.34
792526
469381
348736
202146
47186.3
0
8775.6
795152
471263
350139
203480
47719.5
0
8332.62
792101
469375
348535
201995
47179.7
0
8157.81
791729
469134
348520
201875
47173
0
8622.82
793501
469864
349393
202610
47407.2
0
8604.23
793880
470319
349541
202761
47557.5
0
9345.62
798153
473230
351627
204935
48230.5
0
8484.63
793656
470046
349661
202643
47645.4
0
8963.51
795616
471402
350311
203701
47674.2
0
8605.31
793852
470446
349359
202787
47459.1
0
8283.73
790949
468048
347969
201221
46935
0
8467.15
793249
470070
349084
202499
47358.9
0
8936.37
795167
471073
350071
203360
47737.4
0
8415.82
792954
469719
349134
202342
47400.5
0
8495.64
793106
469843
349063
202450
47324.2
0
8791.91
794594
470814
349754
203080
47662.9
0
8404.66
792601
469413
348884
202132
47290.7
0
8527.58
793035
469699
349033
202354
47327.7
0
8663.28
793664
470142
349201
202591
47439.9
0
8199.57
790754
468224
347861
201349
46844.7
0
8467.01
792288
469283
348438
201943
47146.1
0
8975.44
795431
471337
350235
203669
47694.3
0
8576.37
793160
469790
349006
202336
47368.5
0
8473.56
793038
469654
349224
202465
47342.7
0
8733.1
794362
470626
349682
202938
47639.1
0
8465.42
792923
469762
348920
202272
47354.8
0
8722.91
795261
471439
350254
203551
47782.4
0
8160.06
790735
468152
347869
201281
46875.5
0
8703.66
794644
470861
349893
203129
47690.6
0
8665.79
794686
470811
350144
203312
47679.7
0
8289.05
792104
469430
348577
202035
47209.8
0
8653.41
793736
470011
349509
202842
47387.9
0
8684.54
793827
470155
349518
202943
47370.8
0
8334.08
791505
468616
348250
201537
47084.8
0
8328.36
792153
469232
348679
202080
47162.2
0
9070.48
795806
471176
350531
203600
47872.3
0
8832.87
795409
471243
350338
203634
47665.3
0
8701.86
793248
469663
349006
202413
47209.7
0
8568.82
793190
469861
349088
202528
47274.6
0
8324.96
792897
469967
349067
202556
47257.1
0
8285.42
791741
468627
348595
201679
47202.5
0
8706.47
794036
470419
349407
202833
47445.9
0
8478.34
792055
468797
348556
201854
47060.7
0
8434.33
792439
469331
348672
202076
47174.7
0
8858.92
794908
471059
349932
203372
47589.1
0
8827.32
794571
470626
349864
203127
47577.8
0
8757.82
793775
470229
349103
202647
47290.1
0
8740.15
795234
471500
350217
203582
47785.8
0
8379.15
793647
470314
349599
202850
47506.3
0
8244.61
792090
469250
348507
201717
47308
0
8749.15
794080
470358
349461
202996
47354.3
0
8671.57
794087
470274
349661
202882
47514
0
8656.89
793763
470256
349522
202935
47430.2
0
8252.86
791911
469402
348497
202041
47156.5
0
8638.46
794271
470543
349801
203079
47534.8
0
8437.87
792493
469235
348767
201951
47281.2
0
9059.29
795936
471545
350401
203742
47770.3
0
8244.98
791582
468748
348368
201709
47047.3
0
8451.95
793307
470104
349288
202537
47509.8
0
8410.2
792032
468937
348482
201791
47164.8
0
9005.18
796035
471631
350567
203837
47854.8
0
8880.34
794842
470955
349924
203380
47570.1
0
8754.85
794635
470865
349892
203284
47569.4
0
8470.57
792835
469627
348951
202329
47272.6
0
9013.34
795371
471068
350198
203480
47695.8
0
8616.68
793133
469747
348961
202393
47266.5
0
8738.77
793531
470067
348909
202520
47221.3
0
8676.86
794047
470290
349626
202811
47559.7
0
9052.66
795485
471140
350213
203603
47618.5
0
8937.86
795179
471146
350091
203477
47691
0
8604.85
793528
470076
349265
202626
47390.6
0
8749.44
794509
470591
349826
202971
47671.3
0
8565.87
793614
470117
349371
202700
47394.2
0
8486.99
792880
469783
348968
202355
47347.5
0
8786.35
794474
470580
349831
203077
47568.9
0
8469.59
792925
469593
348990
202195
47379.6
0
8900.2
795185
471190
350101
203498
47643.1
0
8257.81
792141
469539
348550
202052
47242.6
0
8700.67
794205
470503
349670
203016
47496.1
0
8312.46
791843
468871
348552
201830
47142
0
8599.43
793769
470178
349457
202671
47528
0
8633.54
793558
470075
349171
202557
47387.6
0
8845.79
795158
471275
350005
203405
47665.6
0
8391.59
793045
469881
349108
202459
47336.3
0
8805.92
794889
470854
350145
203282
47723.3
0
8773.23
794642
470758
349948
203233
47616.8
0
8493.07
792654
469431
348755
202123
47208
0
8591.88
793514
470122
349121
202575
47361.1
0
8797.94
793769
470015
349008
202384
47395.1
0
8767.98
795573
471578
350483
203792
47769.3
0
8653.09
793668
470101
349346
202688
47441.8
0
8786.4
794745
470757
349996
203220
47670
0
8060.03
790571
467877
348048
201168
46978.2
0
8755.51
793918
470157
349427
202768
47412.4
0
8646.83
794114
470456
349553
202831
47491.1
0
8500.68
793120
469752
349184
202458
47340.3
0
8441.88
793481
470387
349235
202664
47462.9
0
8775.61
794882
470873
350097
203255
47729.4
0
8941.96
795266
471059
350179
203535
47649.3
0
8824.72
795234
471147
350288
203522
47731.1
0
8720.95
794727
471066
350059
203419
47656.5
0
8778.08
794705
470711
349867
203044
47741
0
8678.23
794103
470363
349592
202796
47570.4
0
8656.93
794482
470983
349799
203247
47554.3
0
8595.64
793958
470442
349487
202787
47564.5
0
9015.37
795673
471347
350332
203723
47630
0
8855.73
795410
471478
350133
203573
47700.7
0
8675.27
793708
470217
349381
202814
47400.3
0
8524.65
793486
469980
349353
202458
47543.9
0
8246.48
792044
469144
348721
201942
47250.7
0
8796.53
794690
470872
349790
203144
47602.5
0
8190.22
791096
468510
348105
201523
46955.7
0
8194.04
791866
469112
348536
201868
47152.5
0
8501.4
792777
469341
349007
202180
47325.3
0
8968.57
796950
472369
351363
204421
48164.2
0
8546.33
793643
470252
349408
202726
47465
0
8780.97
795872
471596
350923
203908
48009.4
0
8885.92
794865
470626
350026
203245
47561.6
0
8625.38
793904
470289
349416
202682
47502.6
0
8596.11
794432
470859
349915
203195
47664.6
0
8986.88
794824
470665
349917
203293
47514.7
0
8583.04
794669
471033
350097
203351
47720.7
0
9024.49
796118
472038
350459
204039
47766.3
0
8498.98
793395
470024
349257
202574
47411.2
0
8491.61
793588
470237
349349
202633
47538.1
0
8414.08
792493
469345
348859
202099
47306.2
0
8287.02
792442
469484
348912
202192
47307.5
0
8927.86
795312
471037
350259
203459
47705.7
0
8144.61
791391
468799
348378
201739
47070.5
0
8365.13
792021
468826
348671
201839
47172.9
0
8414.28
792594
469283
348855
202189
47119.3
0
8327.7
792110
469122
348575
201881
47202.6
0
8549.68
793295
469869
349096
202349
47442
0
8695.48
794166
470387
349739
203010
47485.3
0
8585.13
793939
470653
349482
203002
47469.3
0
8721.98
794348
470482
349828
203027
47584.2
0
8822.44
794719
470910
349821
203224
47596.5
0
8563.32
793662
470126
349468
202702
47471.5
0
8645.36
794195
470672
349554
203030
47479.7
0
8534.34
793593
470179
349406
202677
47507.3
0
8721.94
794281
470662
349647
202971
47622.7
0
8836.95
795346
471425
350254
203580
47792.7
0
8472.45
793485
470094
349398
202613
47531.6
0
8471.98
792830
469623
348960
202362
47249
0
8719.63
794906
470972
350092
203281
47741.3
0
8530.86
793169
469778
349259
202500
47381.3
0
9229.71
797389
472476
351234
204441
48054.5
0
8441.28
792392
469072
348871
202029
47287.1
0
8452.66
793080
470073
348934
202486
47300.3
0
9151.17
797008
472544
350879
204322
47961.6
0
8379.96
792752
469795
348802
202231
47334.8
0
8549.39
793700
470471
349357
202809
47467.8
0
8492.51
793069
469809
349045
202437
47310.6
0
8622.08
793909
470501
349397
202824
47457.6
0
8433.69
792574
469351
348795
202035
47286.5
0
8641.04
793298
469828
349115
202468
47330.4
0
8318.25
792755
469704
349168
202416
47376.8
0
8516.66
792931
469682
349054
202444
47275.2
0
8425.6
792853
469795
349077
202414
47349
0
8701.16
793909
470414
349501
202933
47445.1
0
8415.97
793323
470352
349111
202625
47398.2
0
8308.74
792800
469638
349049
202140
47473.7
0
8485.31
793637
470543
349219
202795
47376.4
0
8685.66
794079
470205
349696
202812
47579.3
0
8450.84
792128
469113
348332
201902
46999.4
0
8239.56
791685
468825
348467
201774
47079.2
0
8252.24
791831
469091
348349
201726
47188.3
0
8517.58
792736
469573
348850
202280
47233.7
0
8933.64
795291
471270
350073
203499
47671.9
0
8639.42
793794
470243
349383
202719
47458.5
0
8984.69
795209
470759
350257
203413
47645.4
0
8937.93
795281
471064
350180
203419
47719.7
0
8137.19
791472
468766
348393
201638
47119.2
0
8612.21
793414
469861
349312
202673
47325.3
0
8267.76
792160
469231
348707
201964
47235
0
8333.43
792131
469260
348574
202009
47171.7
0
8765.23
794162
470530
349653
203024
47523.1
0
8675.7
794165
470323
349816
202992
47565.5
0
8172.71
791167
468209
348355
201411
47083.5
0
8624.5
793263
469697
349059
202297
47388.3
0
9049.46
795953
471475
350470
203693
47817.7
0
8252.62
791662
468649
348467
201598
47162.2
0
8534.5
793403
469944
349270
202513
47448.5
0
8641.89
793584
470000
349289
202583
47422.4
0
8695.01
793733
470057
349445
202771
47437
0
8797.44
794399
470643
349645
203049
47514.9
0
8405.72
792431
469274
348810
202164
47191.7
0
8278.67
790695
468039
347666
201061
46879.5
0
8389.21
792865
469942
348875
202335
47389.9
0
8830.9
795444
471374
350236
203504
47789.2
0
8569.43
793646
470132
349444
202682
47474.4
0
8529.38
793773
470230
349532
202652
47585.6
0
8891.98
795338
471543
350018
203617
47613.5
0
7944.35
791171
468573
348480
201595
47134.2
0
8609.6
793155
469510
349205
202337
47378.3
0
8302.66
792267
469378
348754
202101
47219.2
0
8242.48
792426
469512
348884
202150
47319.1
0
8771.06
793679
470162
349158
202793
47236.1
0
9333.31
797328
472394
351191
204492
48007.3
0
8633.13
793817
470121
349590
202804
47464.5
0
8273.87
792373
469482
348765
202020
47334.3
0
8631.71
793414
470074
349098
202709
47231.8
0
8421.41
793180
470126
349214
202571
47452
0
8218.11
790912
468116
347964
201248
46893.8
0
8371.95
792589
469473
348798
202037
47353.9
0
8683.71
793079
469291
349068
202152
47366.5
0
8492.14
792330
469063
348623
201856
47220.9
0
8490.92
793272
469868
349323
202549
47448.6
0
8793.68
794379
470282
349789
202834
47646
0
8361.87
792751
469591
348959
202129
47414.6
0
8851.73
795169
471363
349962
203471
47650.9
0
8461.29
792581
469396
348786
202183
47201.6
0
8407.83
793137
469872
349234
202524
47383.4
0
8813.35
795014
471047
350157
203414
47718.7
0
8536.98
793251
469905
349182
202487
47390.9
0
8998.56
795419
471498
350088
203637
47669.5
0
8438.9
792464
469451
348650
202084
47248.6
0
8710.1
794661
471122
349629
203123
47606.3
0
8762.31
794633
470873
349935
203207
47666.2
0
8393.49
792572
469390
348924
202140
47292.9
0
8752.54
793868
470113
349433
202807
47409.1
0
8232.57
791864
469165
348485
201859
47170.2
0
8287.58
792404
469482
348796
202048
47334.5
0
8807.96
795081
471353
349997
203491
47664.9
0
8532.09
793400
469841
349358
202464
47501.4
0
8686.39
795291
471551
350305
203593
47829.2
0
8561.39
793773
470419
349450
202871
47457.1
0
8253.89
792300
469292
348798
201987
47312.7
0
8291.52
792581
469457
349057
202195
47413
0
8782.03
795005
471068
350108
203408
47668.1
0
8411.88
792082
469082
348467
201870
47116.5
0
8674.59
793888
470297
349394
202741
47484.5
0
8614.05
793922
470452
349533
202842
47545.8
0
8705.85
794773
471166
349746
203142
47755.7
0
8651.49
793467
469996
349199
202685
47281.6
0
8611.08
793943
470423
349520
202816
47501.3
0
8533.33
793628
470277
349337
202723
47417.6
0
9015.42
796525
472243
350756
204186
47851
0
8938.32
796158
471863
350723
203969
47951.3
0
8774.13
795242
471207
350304
203501
47776.9
0
8642.11
793088
469592
348977
202436
47205
0
8229.83
790965
468355
348050
201422
46963.4
0
8877.12
795088
471000
350033
203314
47648.3
0
8448.57
793541
470355
349363
202828
47371
0
8345.09
791857
468741
348556
201723
47184.2
0
8431.94
792910
469682
349032
202319
47366.1
0
8721.93
793661
470093
349317
202718
47377.4
0
8548.44
793667
470226
349412
202692
47503.2
0
8290.37
792282
469588
348599
202080
47250.4
0
8760.87
793636
469859
349271
202572
47374.7
0
9236.06
797511
472608
351416
204730
47977.7
0
8223.13
791756
469151
348453
201904
47134.6
0
8829.08
794990
470925
350088
203370
47624.7
0
8604.57
793135
469614
349092
202352
47362.3
0
8588.85
793982
470509
349561
202912
47536.6
0
8449.66
793251
470053
349161
202525
47397.9
0
8554.14
793721
470317
349329
202705
47484.1
0
8231.01
791732
469068
348303
201692
47197.6
0
8558.42
793708
470197
349401
202698
47407.1
0
8573.11
793942
470342
349543
202714
47614.9
0
9304.07
797412
472488
351302
204642
47972.5
0
8647.31
793353
469778
349109
202536
47256.4
0
8823.99
794538
470579
349781
203035
47573.5
0
8536.74
793134
469762
349016
202378
47318.5
0
8347.64
790860
468068
347943
201367
46871.9
0
8650.61
793789
470239
349424
202877
47370.2
0
8426.97
792590
469542
348802
202167
47281.6
0
8536.44
794195
470752
349485
202822
47651.8
0
8568.99
793469
470061
349222
202501
47474.1
0
8549.38
792617
469229
348774
202027
47219.5
0
8150.25
791405
468737
348318
201541
47133.6
0
8631.93
794046
470294
349666
202824
47584.8
0
8541.09
793267
469889
349118
202454
47368.6
0
8706.17
793686
470213
349083
202590
47371.3
0
8688.7
794430
470674
349794
203019
47641.4
0
8512.01
792468
469214
348674
202047
47142.5
0
8572.49
793524
469968
349379
202585
47451.2
0
8276.07
792435
469398
348967
202175
47332.9
0
8617.8
793069
469732
348965
202411
47271.7
0
9006.57
796488
472039
350846
204123
47924.9
0
8399.23
792022
469117
348438
201944
47022.2
0
8533.64
793063
469805
348802
202262
47328.9
0
8761.24
794537
470505
349904
203086
47592.4
0
8623.84
793498
470030
349219
202594
47381.8
0
8758.09
793729
470066
349202
202645
47407
0
8336.44
792671
469614
348903
202217
47303.1
0
8547.05
794098
470668
349744
203157
47513.4
0
8311.98
791293
468411
348049
201535
46865.6
0
8647.38
793655
470147
349286
202606
47437.6
0
9007.95
796351
472094
350761
204111
47953
0
8166.93
791175
468379
348214
201384
47089.1
0
8954.22
795469
471395
350109
203524
47725.6
0
8820.54
794133
470203
349660
202924
47487.7
0
8925.72
795283
470963
350287
203517
47663.7
0
8922.68
795375
470946
350316
203618
47548.1
0
8550.76
794021
470466
349579
202757
47640.4
0
8591.7
793368
469888
349249
202553
47384.7
0
8730.5
794342
470592
349673
203109
47474.1
0
8407.87
793148
469859
349244
202437
47475.4
0
8710.94
794637
470655
350004
203082
47760.8
0
8604.33
794885
471227
350179
203398
47760.9
0
8638.53
794758
470947
350116
203337
47662.7
0
8272.76
792074
468934
348790
201836
47310.4
0
8199.5
791538
468864
348152
201630
47012.6
0
8712.45
794533
470838
349815
203217
47558.9
0
7891.22
790146
467949
347721
200969
46963.5
0
8372.12
792194
469163
348517
201807
47257.7
0
8312.84
792624
469333
349213
202239
47434.7
0
8225.8
792041
469096
348736
201984
47178.3
0
8297.47
791287
468334
348237
201458
47050.9
0
8282.82
792050
469052
348626
201834
47229.6
0
8453.6
792461
469408
348594
202039
47215.9
0
8574.96
793356
469930
349155
202456
47453.7
0
8186.82
790581
468093
347657
201121
46870
0
8627.6
793662
469928
349488
202708
47404.9
0
9193.81
797008
472289
351139
204488
47986.4
0
8573.9
793915
470516
349570
202904
47522
0
8550.14
793708
470221
349447
202697
47532.5
0
8371.49
792581
469568
348833
202146
47302.3
0
8736.56
794197
470426
349674
203015
47504.3
0
9081.48
795615
471245
350254
203568
47703
0
8431.5
793050
469635
349306
202517
47339
0
8643.3
794066
470213
349734
202787
47589.7
0
8568.15
792840
469525
348804
202175
47277.8
0
8782.63
794605
470588
349889
203202
47517
0
8594.46
793885
470430
349383
202829
47418
0
8733.49
794266
470764
349484
203018
47493.5
0
8143.03
791447
468698
348356
201576
47101.6
0
9001.94
795514
471152
350276
203537
47692.9
0
8481.18
793058
469799
349060
202357
47375.7
0
8576.72
794010
470593
349454
202804
47555
0
8625.48
794050
470367
349729
202985
47505.8
0
8189.2
790725
468041
347884
201173
46932.5
0
8819.04
795714
471622
350516
203783
47810.2
0
8248.52
791421
468607
348225
201573
47017.6
0
8823.75
794070
470079
349590
202805
47485.3
0
9261.66
797498
472749
351209
204581
48063.1
0
8795.37
794381
470725
349648
203120
47484.1
0
8755.4
794674
470810
349891
203153
47659.5
0
8010.3
790524
467786
348095
201095
46973.7
0
8865.31
795616
471454
350448
203660
47832.1
0
8494.49
792724
469442
348835
202101
47286.8
0
8654.73
794284
470773
349645
203051
47598.2
0
8639.08
794001
470374
349537
202791
47557.3
0
8704.56
793583
469788
349287
202499
47382.4
0
8261.41
791935
469139
348436
201839
47131.8
0
8294.15
792217
469168
348745
201956
47236.7
0
8449.71
792518
469251
348799
202044
47274.6
0
8239.78
791825
469081
348510
201918
47137.4
0
8680.07
794949
471237
350076
203389
47727.9
0
8611.26
794659
470853
350007
203060
47791.6
0
8339.67
792259
469039
348774
201830
47399.8
0
8703.12
794498
470885
349679
203047
47655.2
0
8326
792578
469336
349107
202185
47401.4
0
8720.73
794555
470846
349779
203122
47574.4
0
8927.44
795712
471539
350548
203817
47775.9
0
8839.48
795848
471713
350635
203851
47903.2
0
8678.28
794720
470979
349933
203190
47725
0
8218.66
791319
468602
348135
201452
47046.1
0
8363.91
792616
469421
348913
202110
47354.7
0
9020.72
796721
472262
351002
204352
47950.9
0
8600.68
793369
469974
349068
202503
47332.1
0
8596.49
793982
470347
349614
202831
47559.2
0
8815.07
794972
470959
350108
203331
47687.5
0
8557.69
793178
469825
349000
202397
47304.9
0
8739.96
793614
470138
349238
202706
47359.9
0
8187.32
790964
468158
347905
201076
47094.2
0
8994.68
795554
471255
350321
203606
47744.1
0
8340.22
792204
469219
348718
201985
47242.8
0
8401.58
792613
469521
348713
202069
47310.9
0
8538.4
793628
470280
349372
202773
47462.8
0
8607.81
793969
470292
349614
202787
47586.2
0
8314.7
792498
469429
348892
202081
47366.3
0
8587.16
792987
469466
349073
202386
47250
0
8672.3
794115
470510
349555
202967
47453.3
0
8444.92
793009
470086
349091
202620
47309.8
0
8446.14
793162
469759
349267
202509
47348.3
0
8083.45
790686
468302
347888
201323
46891.2
0
8708.7
793802
470041
349357
202582
47500.4
0
8832.7
794979
471200
349949
203472
47599.8
0
9230.58
796463
471742
350707
204010
47815.3
0
8393.09
792313
469228
348744
202060
47191.4
0
8813.86
794564
470596
349805
203164
47468.6
0
8662.1
794585
471038
349797
203294
47548.3
0
8389.63
792829
469948
348812
202284
47338.7
0
8884.93
795349
471329
350107
203522
47678.2
0
8959.75
795733
471323
350488
203730
47731.1
0
9291.71
797705
472769
351363
204739
48041.4
0
8696.03
793599
469844
349321
202551
47370.9
0
9132.49
796849
472052
351095
204145
48131.8
0
8644.75
793889
470107
349594
202662
47634.7
0
8518.83
793101
469708
349141
202455
47300.1
0
8870.41
794701
470630
349948
203164
47607.5
0
8340.2
792062
469062
348654
201968
47178.4
0
8662.68
794162
470300
349813
202945
47572
0
8714.44
793843
470091
349392
202830
47310.8
0
8946.11
795724
471530
350450
203778
47789.3
0
8794.77
794364
470566
349622
203062
47512.5
0
9085.54
795884
471548
350448
203855
47685.5
0
8846.43
794971
470903
350072
203364
47607.3
0
8726.36
794335
470625
349619
202959
47559.7
0
8549.21
793377
469834
349305
202597
47346.5
0
8812.58
794275
470096
349772
202874
47504
0
8320.76
792393
469379
348748
202079
47237
0
8051.56
790362
468004
347718
201030
46938
0
8406.04
792093
469140
348509
201966
47105.9
0
8927.88
795036
470907
349950
203235
47613.8
0
8695.01
794816
471105
349925
203306
47662.1
0
8755.11
794563
470527
349990
203200
47561.7
0
8645.03
793684
470231
349324
202785
47377.8
0
8344.11
792490
469505
348855
202152
47319.7
0
8694.08
794004
470450
349269
202656
47538.2
0
8693.24
793565
469916
349222
202518
47396.6
0
8418.3
792676
469384
348859
202014
47385.9
0
8293.84
792407
469335
348823
201980
47386.5
0
8662.33
794328
470711
349607
202877
47636
0
8726.34
794980
471251
350174
203568
47667.6
0
8653.52
794425
470779
349844
203091
47670.2
0
8773.58
795141
471353
350116
203482
47731.4
0
8917.24
795087
470726
350129
203232
47691.6
0
8848.08
793852
469983
349312
202644
47386.4
0
8927.07
795753
471649
350378
203722
47833.2
0
8554.33
793941
470505
349564
202924
47493.3
0
8832.5
794317
470563
349537
202997
47480.9
0
8774.69
795056
471153
350044
203338
47685.6
0
8634.68
794521
471062
349692
203365
47443.4
0
8704.95
793450
469847
349150
202525
47287.5
0
8175.35
790422
467859
347650
200995
46854.3
0
8878.55
794616
470655
349775
203174
47489.5
0
8937.58
795467
471440
350112
203520
47739.2
0
8315.17
792347
469531
348694
202163
47173.1
0
8970.89
795413
471142
350225
203628
47584.2
0
8617.2
794161
470535
349684
202981
47527.6
0
8796.85
794843
471065
349839
203296
47598.3
0
8231.49
791633
468607
348545
201698
47117.6
0
8918.8
794885
470646
349995
203199
47606.1
0
8736.77
795047
471143
350200
203442
47740.5
0
8344.51
791762
468693
348412
201627
47114.1
0
8330.61
791861
468869
348506
201800
47088.7
0
8854.58
795072
471135
349910
203412
47564.7
0
8582.98
793261
469689
349171
202362
47405.1
0
8505.75
793256
469750
349282
202369
47528.2
0
8646.63
793800
470359
349181
202599
47508.3
0
8525.73
791819
468581
348377
201672
47047.8
0
7974.79
789878
467429
347570
200682
46908.5
0
8479.04
793637
470277
349424
202639
47587.8
0
8857.52
795040
470970
350012
203296
47645.2
0
8661.12
794347
470840
349608
203016
47551.1
0
8312.87
791922
468915
348556
201850
47095.8
0
8566.86
792849
469255
349006
202110
47322.2
0
8544.77
792552
469324
348688
202126
47191
0
8700.37
794124
470619
349453
202912
47479.1
0
8535.76
793395
470162
349212
202653
47425.1
0
8273.48
791513
468730
348280
201662
47051
0
8783.74
795002
471092
350031
203319
47688.9
0
8667.26
793955
470414
349483
202853
47479.1
0
8567.17
793651
470149
349474
202738
47447.7
0
8675.87
793716
469938
349369
202565
47424.1
0
8857.54
795772
471678
350425
203684
47858.9
0
8595.08
792855
469697
348904
202351
47285.3
0
8636.22
794438
470828
349862
203170
47608.3
0
8301.12
791745
468822
348444
201706
47133.8
0
8489.58
793195
469895
349157
202448
47447.6
0
8986.08
794913
470814
349791
203210
47558.6
0
8791.48
795024
471188
350079
203527
47601.4
0
8898.88
795714
471546
350476
203727
47870.7
0
8424.74
792747
469665
348887
202247
47306.6
0
8554.65
794173
470890
349572
203139
47482
0
8402.16
792881
469613
349104
202337
47348.8
0
8916.85
795514
471121
350372
203443
47828.7
0
8291.6
791846
468839
348500
201691
47160.3
0
8624.71
793923
470201
349616
202828
47497.6
0
8661.31
793255
469615
349126
202463
47257.5
0
8559.16
794211
470630
349809
203038
47604.2
0
8339.42
792732
469397
349010
201971
47504.6
0
8487.83
793215
469965
349098
202515
47315.2
0
9060.52
795710
471240
350376
203538
47804.5
0
8409.36
793030
470023
349014
202479
47337.5
0
8499.1
793354
470033
349325
202610
47467.4
0
8705.08
793593
470044
349273
202694
47349.2
0
8517.11
793122
469882
349048
202423
47321.3
0
8315.65
791603
468595
348311
201515
47118.3
0
8778.34
794774
471072
349812
203196
47657.5
0
8695.92
794087
470488
349467
202881
47504.5
0
8434.03
793105
469885
349153
202488
47362.5
0
8281.17
792289
469298
348750
201925
47351.1
0
8357.96
792337
469437
348738
202165
47181
0
8844.32
794972
471103
349815
203180
47691
0
8326.67
792024
468968
348573
201891
47077.9
0
8761.84
794564
470746
349773
203040
47628.7
0
8813.84
795109
471180
350090
203378
47713.2
0
8726.41
794744
470985
349907
203250
47640.1
0
8671.94
794891
471206
350077
203499
47649.1
0
8724.7
793674
470001
349300
202654
47429.2
0
8050.7
790418
467946
347801
201178
46818.5
0
8398.02
793127
469819
349339
202530
47431.2
0
7790.65
788995
467205
347097
200541
46635.4
0
8890.49
794769
470774
349777
203161
47571.1
0
8215.53
791751
468918
348402
201628
47228.6
0
8801.51
795472
471500
350418
203679
47870.9
0
8834.07
794909
471059
349893
203335
47634.2
0
8272.73
791640
468684
348418
201661
47133.8
0
9027.64
795915
471359
350595
203780
47781.5
0
8379.75
792465
469347
348799
202075
47280.1
0
9087.21
795634
471015
350386
203602
47660.5
0
8457.3
792789
469442
349051
202236
47358.1
0
8477.3
793146
469799
349199
202385
47474.5
0
8660.66
793501
469885
349299
202678
47282.1
0
8237.47
792087
469162
348700
201906
47250.6
0
8523.59
793426
470041
349235
202545
47436.3
0
8449.38
793048
469780
349156
202438
47401.3
0
8920.3
795555
471404
350288
203560
47756.3
0
8140.03
790165
467721
347489
200883
46803.2
0
8862.4
796352
472236
350800
204091
47982.7
0
8371.06
792148
469101
348605
201878
47224
0
8527.51
792415
469050
348716
201964
47246.6
0
8418.15
792866
469631
349047
202260
47365
0
8537.11
792740
469365
348853
202119
47285.8
0
8575.72
793596
470072
349380
202638
47435.3
0
8632.25
794428
470911
349748
203103
47614.1
0
8286.57
791325
468494
348147
201603
46913.4
0
8067.71
791007
468572
348144
201462
47058.5
0
8816.31
795077
470990
350267
203517
47676.1
0
8580.2
793424
469903
349206
202432
47465.4
0
8532.23
793202
469927
349136
202465
47363.7
0
8734.93
794198
470351
349718
202867
47615.3
0
8661.08
794091
470678
349465
202984
47497.1
0
9085.21
796565
472065
350859
204151
47933.5
0
8415.01
792089
469028
348554
201903
47142.3
0
8898.78
795851
471528
350689
203852
47851.1
0
8476.18
792776
469547
348914
202222
47266.9
0
8627.77
793998
470351
349525
202743
47588.6
0
8559.7
793078
469603
349138
202401
47336.2
0
8511.26
793497
470277
349311
202682
47497.8
0
8007.34
790486
467821
348119
201215
46969.8
0
8089.48
790731
468259
348009
201310
46948.9
0
8686.67
794681
471115
349899
203353
47623.5
0
8588.27
794124
470565
349680
202963
47594.7
0
8610.69
794052
470340
349692
202886
47532.9
0
8393.9
792847
469896
348982
202378
47362.3
0
8503.5
792668
469443
348832
202163
47277.5
0
8551.6
793388
470098
349173
202519
47468.5
0
8373.85
792348
469306
348732
202069
47218.5
0
8239.66
791820
468986
348524
201823
47153.9
0
8952.28
794730
470524
349902
203131
47577.1
0
8241.39
791940
469079
348608
201824
47280.2
0
8450.15
792457
469100
348760
201998
47154.2
0
8843.98
794793
470896
349805
203169
47571.2
0
8623.89
794732
471301
349993
203464
47708.7
0
8940.95
795428
471458
350075
203495
47743.1
0
9071.94
796470
472044
350693
203961
47984.8
0
8234.37
792005
469217
348593
201871
47247.9
0
8684.35
794119
470522
349640
203010
47501.2
0
9169.5
797311
472449
351432
204561
48153.8
0
8520.96
793878
470436
349569
202838
47527.9
0
8450.77
793047
469830
349110
202394
47375.7
0
8377.22
792201
469319
348437
201892
47162.7
0
8918.29
794676
470370
350040
203271
47564.8
0
8630.41
794213
470713
349732
203092
47553.6
0
8572.94
793648
470195
349351
202643
47502.8
0
8780.01
795393
471146
350435
203569
47727.5
0
8135.68
790712
468225
347866
201289
46900.2
0
8262.06
791237
468561
348234
201588
47044.6
0
8471.64
793095
469914
349113
202582
47262.8
0
8453.46
793177
469844
349264
202455
47438.8
0
8619.62
792917
469476
348874
202246
47207.5
0
8320.03
792125
469169
348663
201974
47211.7
0
8426.91
793075
469712
349206
202430
47343.2
0
9062.5
796923
472498
350999
204332
48036.1
0
8453.93
792465
469400
348637
202104
47160.9
0
8711.02
793713
470146
349328
202755
47339.8
0
8558.8
793819
470445
349467
202857
47490.4
0
8598.35
793239
469823
349100
202486
47358.9
0
8631.71
793851
470293
349493
202841
47469.7
0
8482.42
792881
469749
348795
202268
47285
0
9140.31
796876
472175
351004
204246
47940.9
0
8586.33
793157
469665
349038
202377
47265.6
0
8632.41
794817
471522
349920
203435
47687.6
0
8594.14
793496
470038
349317
202615
47420.4
0
9233.28
796205
471567
350577
203888
47775.2
0
8206.86
791097
468403
348101
201402
46985.1
0
8970.68
796358
472127
350718
204022
47933
0
8481.32
793558
469908
349562
202508
47608.5
0
8398.8
792366
469212
348573
201814
47315.6
0
8366.52
792564
469469
348768
201990
47368.5
0
8205.85
791403
468688
348234
201563
47086.2
0
8478.4
792700
469465
348823
202126
47274.6
0
8363.06
792705
469705
348936
202343
47237.8
0
8362.04
792370
469107
348885
202022
47239.2
0
8191.29
792077
469340
348656
202057
47187.6
0
8568.25
794022
470567
349569
202965
47501.8
0
8709.94
794546
470781
349742
203006
47634.5
0
8664.2
793980
470390
349432
202829
47453.8
0
8600.56
793813
470447
349403
202820
47483.8
0
8741.45
795194
471457
350275
203649
47758.4
0
9000.03
795769
471600
350362
203716
47826
0
8751.27
794653
470891
349754
203121
47610.3
0
8429.75
793191
470053
349186
202541
47409.8
0
9097.22
796031
471689
350413
203909
47660.6
0
8611.37
794004
470482
349572
202885
47563.7
0
8789
794904
470969
350057
203326
47708.3
0
8926.26
794919
470991
349890
203284
47602.8
0
8724.45
794426
470827
349600
203072
47526.8
0
9051.36
795884
471450
350502
203749
47836
0
8852.51
795031
470768
350234
203353
47686.7
0
8565.64
793319
469993
349084
202508
47313.9
0
8356.24
792927
469813
349087
202348
47397.3
0
8786.3
794348
470621
349601
203094
47433.3
0
8398.46
792276
469279
348601
202003
47174.3
0
8349.73
792070
469163
348420
201843
47155.3
0
8989.7
795967
471684
350555
203912
47778
0
8605.94
793970
470312
349584
202776
47525.1
0
8919.47
795946
471807
350582
203996
47828.8
0
8810.11
794595
470667
349794
203031
47614.6
0
8397.2
792648
469449
348954
202211
47279
0
8612.2
793731
470140
349364
202773
47322.9
0
8435.81
792974
469997
349011
202476
47339.2
0
8495.97
793111
469770
349159
202529
47294.5
0
8482.32
792903
469701
348912
202227
47340.7
0
8858.86
794591
470773
349681
203163
47523.9
0
8500.49
792641
469427
348787
202167
47194.1
0
8282.06
791528
468540
348289
201530
47048.1
0
8743.75
795375
471580
350325
203590
47836.3
0
8276.72
792045
469165
348586
201963
47153
0
8772.92
793945
470278
349404
202797
47456.4
0
8437.97
792635
469565
348858
202203
47294.8
0
8340.71
792429
469487
348798
202230
47207.6
0
8884.95
794548
470625
349641
203117
47434.2
0
8820.1
794711
470793
349840
203118
47630.2
0
9154.51
796779
472035
350982
204281
47865.9
0
8878.45
795201
471056
350210
203418
47721.6
0
8647.07
793973
470293
349574
202752
47586.8
0
8371.96
792018
469039
348550
202019
47047.2
0
8785.61
794569
470795
349812
203128
47625.6
0
9084.68
797143
472401
351394
204519
48075.6
0
8428.99
792921
469653
349057
202376
47324.7
0
8409.23
792278
469285
348525
201966
47170.5
0
8333.32
792990
469832
349201
202442
47392.1
0
8803.58
794854
471002
349946
203306
47652.5
0
8967.02
796138
471820
350693
203949
47881.8
0
8336.13
792076
468939
348565
201689
47262.4
0
9150.7
796546
471975
350718
204012
47914.5
0
8457.27
793181
470010
349104
202601
47261
0
8120.14
791060
468623
348042
201515
46952.1
0
8709.03
794446
470818
349675
203063
47596.5
0
8725.59
794362
470520
349768
203063
47516.6
0
8346.53
792287
469080
348898
202025
47284.9
0
8689.89
793566
469848
349437
202675
47404.4
0
8570.3
793966
470382
349662
202894
47528.2
0
8817.57
795056
471134
350018
203348
47685.9
0
8631.48
794506
470944
349910
203266
47619.4
0
8212.71
791838
468880
348643
201807
47200.9
0
8757.66
794609
470678
349864
203092
47642.9
0
8543.62
792908
469643
348851
202310
47225.2
0
8792.58
794961
470816
350211
203283
47776.9
0
8475.98
793972
470471
349768
202905
47639.8
0
8152.46
790606
467925
347916
201181
46883.3
0
8733.23
794375
470764
349639
203044
47576.1
0
8534.52
793643
470157
349494
202787
47434.5
0
8575.13
794368
470504
350089
203065
47740.1
0
8510.73
792670
469349
348843
202114
47256.1
0
8886.69
795315
471130
350192
203439
47760.9
0
8743.25
794075
470405
349452
202810
47528.2
0
8614.43
794284
470644
349817
203107
47552.5
0
8621.81
794064
470423
349670
202990
47516.4
0
8953.96
796228
472083
350731
204170
47868.3
0
8731.7
793816
469911
349568
202694
47511.9
0
8988.5
795882
471547
350487
203872
47688.9
0
9049.51
795702
471281
350411
203651
47766.1
0
8394.74
793274
469914
349429
202512
47554.1
0
8600.21
793859
470399
349504
202868
47463.5
0
8875.18
795920
471883
350625
204019
47835.2
0
8741.12
794942
471044
350144
203424
47641.5
0
8860.25
795283
471358
350212
203697
47631.1
0
8461
793105
469933
349026
202415
47367.5
0
8642.4
794150
470583
349703
203079
47519.6
0
8502.4
793393
470060
349274
202545
47444.3
0
8352.69
792652
469633
348970
202410
47202.4
0
8528.71
793322
469994
349258
202583
47383.8
0
8372.61
792507
469349
348805
202165
47176.4
0
8714.02
794426
470578
349791
203023
47574.4
0
8415.79
793555
470190
349402
202530
47621.5
0
8621.59
793691
470223
349341
202783
47372.7
0
8338.86
792312
469460
348723
202199
47173
0
8947.8
794562
470579
349615
203035
47484.9
0
9486.71
798414
473068
351639
204857
48211.9
0
8485.25
793520
470332
349303
202737
47449
0
8971.19
795346
471114
350128
203512
47645.5
0
9064.38
796740
472193
350940
204256
47930.9
0
9076.03
795628
471333
350183
203607
47670.7
0
8038.97
790222
467904
347595
200963
46839.6
0
9003.79
795959
471781
350396
203775
47858.7
0
8624.42
793505
469966
349207
202546
47388.3
0
8024.24
791255
468958
348323
201814
47025.9
0
8330.51
792319
469321
348734
202084
47186.7
0
8495.63
793067
469681
349185
202431
47347.7
0
8545.52
793660
470074
349561
202713
47526
0
8247.91
791292
468499
348145
201455
47003.7
0
8607.05
793308
469794
349184
202517
47321.8
0
8628.42
793481
469969
349218
202617
47310.4
0
8252.51
791873
468985
348649
201878
47213
0
8474.58
792747
469516
348871
202195
47281.1
0
8541.07
793344
469907
349299
202586
47396.8
0
8615.79
794428
470840
349839
203119
47673.3
0
9090.06
796603
472140
350932
204182
47988.9
0
8994.04
795172
471070
349980
203374
47639.4
0
8760.81
793865
470254
349349
202795
47419
0
8259.61
790966
467966
348087
201287
46888.9
0
8373.64
792346
469098
348869
202012
47264.4
0
8392.81
793006
469875
349199
202572
47306.6
0
8589.53
794662
470970
350093
203317
47715.6
0
8275.14
792581
469512
349049
202184
47399.7
0
8330.64
791473
468523
348127
201383
47096.2
0
8518.36
792879
469551
348939
202241
47278.5
0
8696.94
794788
470777
350175
203244
47721.4
0
8713.72
794890
470990
350149
203361
47695.1
0
8464.81
792363
469261
348672
202131
47094.3
0
8667.57
794635
470823
349996
203150
47745.5
0
8605.72
794079
470574
349779
203094
47540.7
0
8416.01
792944
469978
349059
202523
47333
0
8883.83
794695
470745
349651
203012
47632.3
0
8269.13
791856
469049
348440
201758
47181.8
0
8517.22
792471
469281
348513
201954
47138.1
0
8845.87
794424
470493
349749
203150
47429.6
0
8723.83
794825
471149
349858
203220
47754.4
0
8663.59
793960
470316
349477
202781
47471.6
0
8150.45
791608
468991
348489
201771
47201.9
0
8665.9
794560
470710
349924
203122
47611
0
8760.02
794925
471147
349995
203346
47668.6
0
8627.57
793491
469856
349357
202577
47456.7
0
8837.71
794524
470678
349855
203157
47593.9
0
8292.59
791428
468586
348138
201497
47004.4
0
8817.08
794515
470582
349753
203152
47509.3
0
8934.15
796001
471762
350540
203865
47826.4
0
8586.74
792665
469303
348696
202080
47180.7
0
8600.66
793628
470281
349298
202737
47386.1
0
8385.49
792089
468998
348510
201846
47124
0
8367.86
792700
469756
348834
202304
47230.1
0
8995.56
795571
471474
350175
203704
47637.3
0
9048.97
795672
471273
350357
203611
47752.1
0
8591.84
793737
470264
349379
202817
47377
0
8690.65
794364
470508
349746
202932
47602.2
0
8592.44
793882
470395
349549
202896
47511.3
0
8691.16
794346
470574
349816
203146
47498.3
0
8519.76
793697
470537
349269
202744
47486
0
8191.42
791259
468334
348307
201359
47168.6
0
8207.49
790939
468368
347931
201274
47014.9
0
8774.36
794642
470617
350019
203209
47621.7
0
8614.99
793393
469917
349151
202490
47342.2
0
8765.3
793566
470058
349022
202583
47258.2
0
8844.17
794108
470293
349320
202746
47435.7
0
8072.48
790749
468213
347965
201306
46878.6
0
8000.17
789576
467251
347314
200594
46684
0
8400.65
792539
469380
348832
202082
47311.8
0
8342.7
792737
469538
349060
202249
47340
0
8187.07
790978
468346
347969
201345
46944.1
0
9253.55
796843
472192
350773
204198
47930.6
0
8691.34
793607
470056
349356
202692
47394.9
0
8581.85
793580
469980
349418
202658
47406
0
8434.68
793015
469730
349129
202355
47389.8
0
9375.42
797710
472732
351310
204653
48057.9
0
8892.16
795199
471208
350058
203454
47652.5
0
8472.58
793096
469756
349233
202513
47319
0
8937.51
796607
472051
351146
204175
48073.3
0
8848.9
794537
470678
349604
203124
47446.9
0
9058.22
795857
471390
350411
203699
47729
0
8530.09
793458
470045
349280
202612
47429.6
0
8284.82
791816
469005
348533
201958
47049.1
0
8573.07
793612
470102
349411
202704
47467.1
0
8141.72
790378
467823
347679
201054
46789.8
0
8397.71
792243
469046
348754
202000
47163.1
0
8912.05
795384
471362
350282
203724
47687.2
0
8712.14
794580
470898
349908
203264
47622
0
8616.05
794064
470410
349638
202946
47437.3
0
8401.39
792351
469055
348862
201973
47287.6
0
8100.56
790791
468290
347927
201217
47029.4
0
9099.56
796665
472171
350804
204094
47989.6
0
8522.78
793474
470106
349274
202587
47464.2
0
8476.92
792840
469583
349050
202326
47297.2
0
8268.21
791316
468530
348247
201585
46971.9
0
8301.46
791708
468733
348373
201675
47084.6
0
9058.13
796087
471888
350544
204006
47802.4
0
8439
792465
469457
348687
202141
47212.5
0
8105.59
791531
468902
348372
201636
47170.3
0
8246.08
791413
468576
348227
201464
47134.9
0
8060.46
790577
468138
347859
201220
46909
0
8679.59
793794
470201
349526
202961
47368.3
0
8882.51
795395
471280
350264
203489
47767.4
0
9322.79
797525
472858
351180
204688
48025.1
0
9013.97
796355
471957
350772
204004
47963.7
0
8356.71
792314
469346
348662
202151
47083.7
0
8322.38
792114
469137
348652
201978
47183.6
0
8603.18
793956
470407
349590
202876
47524.7
0
8318.93
791960
469049
348562
201957
47116
0
8396.88
793124
469647
349417
202426
47492.8
0
8259.66
791455
468668
348331
201632
47077
0
9113.34
797076
472533
351112
204390
48069.4
0
8535.77
793131
469640
349195
202375
47418.6
0
8804.27
794954
470937
350072
203372
47609.7
0
8332.72
792397
469532
348808
202164
47272.3
0
8248.06
791899
468998
348503
201760
47152.7
0
8381.45
792459
469267
348936
202182
47258.3
0
8509.84
794244
470930
349756
203107
47637.7
0
8660.87
793417
469828
349203
202456
47399.1
0
8261.48
792291
469619
348670
202244
47133.4
0
8724.46
793743
470077
349426
202729
47434.2
0
8611.66
793663
470257
349298
202721
47388.9
0
8776.17
794550
470633
349852
203056
47656.8
0
8580.4
793828
470528
349199
202723
47433.3
