0
8717.36
955786
551560
363777
230864
57118.4
0
9655.7
967835
561148
397025
250991
39569.6
0
8893.78
1.01526e+06
572298
404359
275157
49960.4
0
8714.63
963793
633044
373765
199226
54436.5
0
8255.91
995851
525152
382898
212508
42621.2
0
8706.67
1.03469e+06
566745
348761
219949
53255.1
0
8663.49
1.00558e+06
509442
375620
210928
49571.7
0
9923.58
1.02338e+06
530081
371092
213483
48417.4
0
9116.25
999768
501945
341924
188958
47278.9
0
7923.33
991009
500757
386902
234853
49296.8
0
8707.11
1.03348e+06
544906
372583
221738
52298.4
0
8936.51
983239
516493
383155
224635
47176.4
0
8070.09
929658
562163
393135
232341
58806.5
0
8254.87
1.02361e+06
593823
355255
205677
51248.6
0
9286.26
1.04241e+06
530955
375183
211333
50098.6
0
10101.3
1.05447e+06
515633
401931
220952
51947.7
0
8628.53
966185
513080
314672
180263
65404.6
0
8501.29
951832
540627
377681
255126
55639.7
0
8024.06
974409
548955
406352
232751
62412.4
0
8953.42
1.07759e+06
526118
389130
203024
47356.4
0
9205.73
957307
544286
354920
188449
48628.5
0
8322.52
1.0171e+06
527204
336658
199697
53434
0
8598.88
961299
546589
401127
230886
52991.2
0
10463.5
1.0595e+06
554119
363022
226340
48418.3
0
8114.75
1.10971e+06
514111
355634
207612
41215.1
0
8844.89
1.04679e+06
563446
350338
209181
50229.9
0
8844.32
943418
575898
365632
223834
49858.8
0
9551.08
948726
533529
329581
186512
53439.6
0
10571.8
979580
592720
369660
219277
49262.4
0
10202.9
1.06218e+06
597905
337600
208705
49640.1
0
8558.44
974006
566724
341179
202934
52311.5
0
8313.69
1.06482e+06
534431
377300
226829
49186.6
0
9191.7
1.0391e+06
527188
374481
204157
51546.3
0
9184.19
966785
663740
387990
235435
52774.2
0
7882.8
1.05332e+06
503813
363053
211193
40085.9
0
10551
1.05624e+06
579137
345588
195307
55781.3
0
8374.07
1.05513e+06
535326
368164
233311
39104.2
0
10549.8
1.08323e+06
629918
381337
228238
48384.4
0
9316.1
989437
530355
357193
216077
47067.8
0
8006.05
1.04209e+06
511498
398747
238061
42154.2
0
9789.92
932625
517178
348942
198640
58974
0
8320.74
1.01618e+06
539682
374284
207003
47343.1
0
9077.74
1.00779e+06
548868
392014
210765
46880.7
0
8860.24
1.05856e+06
559098
377591
222462
49040.5
0
8094.87
1.07101e+06
649439
334403
195504
48390.3
0
8831.89
1.01255e+06
536843
361125
211937
52039.7
0
10682.6
999661
636485
344624
216228
43147
0
8274.48
977384
563303
359459
214267
49440.1
0
9145.34
1.00954e+06
528147
382323
204387
54983
0
9910.43
1.05497e+06
513486
322549
195275
48073.9
0
8293.53
1.01932e+06
562545
400393
259877
51418.3
0
8105.58
937461
511312
378118
227267
49578.4
0
8691.38
979848
631481
370356
204101
46130
0
8555.69
1.02893e+06
553233
356593
204561
57864.8
0
8943.6
1.18911e+06
542753
376124
206567
39451.9
0
10618.3
975246
620224
351820
211164
54729.5
0
10166.3
1.07341e+06
574185
342462
194077
52456.7
0
8488.13
1.02031e+06
522290
394149
214126
46206.2
0
9292.74
987671
483734
381276
192030
38613.5
0
8583.19
913940
520866
406932
237910
49176
0
9449.11
1.02647e+06
493216
351059
194328
45769.3
0
10875.9
1.02291e+06
558270
382305
190143
52879.2
0
8744.25
916186
555267
414948
232554
58535.1
0
9121.2
947216
562934
349530
205831
56410.1
0
7821.81
1.02802e+06
560004
365825
214199
50085.2
0
8336.34
1.02656e+06
494883
380425
204258
40734.5
0
10970.7
966337
588827
393609
211258
59581.2
0
7948.9
986982
536154
352149
213159
49873.8
0
8323.68
988801
535389
384020
240065
50286
0
10710.1
952355
602968
367574
204307
44992.8
0
7863.92
1.00283e+06
534502
339573
197039
48070.8
0
9328.55
1.07858e+06
532887
386449
220222
45486.1
0
8902.22
956760
544480
366919
202480
47609
0
8414.61
995903
503781
398121
230339
44289.4
0
8959.16
972871
554529
388343
240616
53650.1
0
9111.36
982365
519648
377749
220482
49226.9
0
10758.8
1.07359e+06
561138
354518
211534
43294.6
0
9335.67
1.01074e+06
514280
366414
201791
42358
0
8668.57
1.08569e+06
511386
380312
209662
46578.4
0
8265.29
1.08124e+06
543538
365575
206984
49378.2
0
8030.53
1.02799e+06
570077
335734
201178
39939.7
0
8476.68
1.03285e+06
517338
369529
233010
46840.9
0
8409.15
1.07647e+06
554195
360468
220769
50315.5
0
9052.92
1.00555e+06
489865
360953
197757
47264.7
0
10200.8
970023
526223
410053
228989
45944.7
0
8505.19
1.04647e+06
558069
368547
214636
44999.8
0
8662.31
933426
543176
384111
225592
36656.3
0
8215.73
1.04422e+06
528400
376727
223599
51465.8
0
8744.16
1.03729e+06
554157
351528
214331
50253.3
0
8138.53
1.026e+06
534196
400484
258107
52399.2
0
10246.3
1.04384e+06
549585
356826
215369
47743.9
0
8724.54
930737
543160
352134
208075
53277.7
0
8458.3
1.02166e+06
506694
355146
206211
43254.4
0
8666.54
1.01999e+06
581773
346994
203227
48935.2
0
8070.61
1.10647e+06
492942
326480
190923
42013.9
0
8646.32
1.00925e+06
545325
359136
241026
55180
0
10560.5
1.09209e+06
546965
339151
199347
50607.4
0
8500.14
979705
552930
379688
224954
41177.7
0
9270.27
1.00704e+06
554527
357958
204516
43261.3
0
8691.64
1.02396e+06
561947
381094
232657
47973.6
