0
8543.9
788997
467168
346387
200998
47160
0
8711.08
797625
472995
352705
204620
47966
0
8550.02
789346
467391
346609
201126
47181.4
0
8520.94
787692
466333
345556
200518
47079.7
0
8513.94
787295
466078
345302
200371
47055.3
0
8769.06
800309
474926
354987
205919
48323.3
0
8488.47
785847
465152
344379
199838
46966.2
0
8489.36
785897
465184
344412
199857
46969.3
0
8771.12
800404
474995
355069
205965
48336
0
8491.88
786041
465276
344503
199909
46978.1
0
8506.08
786848
465793
345017
200207
47027.8
0
8778.41
800742
475238
355356
206128
48381
0
8691.92
796737
472356
351950
204190
47847.9
0
8560.97
789968
467789
347006
201355
47219.7
0
8757.98
799796
474557
354551
205670
48255.1
0
8632.96
794008
470392
349629
202869
47484.5
0
8674.28
795921
471769
351256
203795
47739.2
0
8816.24
802493
476498
356845
206976
48614.1
0
8639.31
794302
470604
349879
203011
47523.7
0
8648.85
794744
470922
350255
203225
47582.5
0
8620.89
793373
469968
349176
202609
47429.2
0
8645.45
794586
470808
350121
203149
47561.5
0
8609.48
792725
469553
348763
202371
47389.4
0
8559.35
789876
467730
346947
201321
47214.1
0
8978.81
810019
481913
363245
210618
49616
0
8531.48
788292
466716
345938
200738
47116.6
0
8624.03
793552
470083
349290
202675
47440.2
0
8538.01
788663
466954
346174
200875
47139.4
0
8524.62
787902
466467
345689
200595
47092.6
0
8574.57
790741
468284
347499
201640
47267.3
0
8675.72
795988
471817
351313
203827
47748
0
8601.34
792263
469257
348469
202200
47360.9
0
8592.65
791768
468941
348154
202018
47330.5
0
8645.05
794568
470795
350105
203140
47559
0
8686.02
796464
472160
351718
204058
47811.5
0
8589.32
791579
468820
348033
201949
47318.9
0
8593.12
791795
468958
348171
202028
47332.1
0
8751.42
799492
474339
354293
205523
48214.6
0
8645.51
794589
470811
350124
203150
47561.9
0
8545.04
789062
467209
346429
201022
47164
0
8484.04
785595
464991
344219
199745
46950.7
0
8507.66
786938
465850
345075
200240
47033.3
0
8547
789174
467281
346500
201063
47170.9
0
8834.48
803338
477105
357563
207384
48726.5
0
8627
793721
470191
349398
202737
47450.6
0
8703.5
797274
472742
352406
204450
47919.3
0
8670.07
795726
471629
351091
203701
47713.3
0
8489.74
785919
465198
344425
199865
46970.6
0
8573.48
790679
468244
347459
201617
47263.5
0
8754.59
799639
474444
354418
205594
48234.1
0
8614.47
793009
469735
348944
202475
47406.8
0
8734.37
798703
473770
353622
205141
48109.5
0
8705.27
797356
472801
352476
204489
47930.2
0
8605.43
792495
469406
348617
202286
47375.2
0
8704.14
797304
472764
352432
204464
47923.2
0
8696.92
796969
472523
352147
204302
47878.7
0
8695.82
796918
472486
352104
204278
47871.9
0
8496.49
786303
465444
344670
200006
46994.3
0
8681.66
796263
472015
351547
203960
47784.7
0
8661.32
795321
471337
350746
203505
47659.3
0
8502.44
786641
465660
344886
200130
47015.1
0
8581.67
791144
468542
347756
201788
47292.1
0
8701.05
797161
472661
352310
204395
47904.2
0
8713.95
797757
473090
352818
204684
47983.7
0
8547.41
789197
467296
346515
201072
47172.3
0
8565.62
790232
467958
347174
201453
47236
0
8520.04
787641
466300
345523
200499
47076.6
0
8574.62
790744
468285
347500
201641
47267.4
0
8579.66
791030
468469
347683
201746
47285.1
0
8750.98
799472
474324
354276
205514
48211.9
0
8718.64
797975
473246
353002
204789
48012.6
0
8680.86
796225
471988
351515
203942
47779.7
0
8624.82
793597
470111
349319
202692
47443
0
8741.07
799013
473994
353886
205291
48150.8
0
8649.87
794791
470956
350295
203248
47588.7
0
8545.67
789098
467232
346452
201035
47166.2
0
8568.64
790404
468068
347284
201516
47246.5
0
8716.24
797864
473167
352908
204735
47997.8
0
8633.34
794026
470405
349644
202878
47486.9
0
8565.07
790201
467938
347155
201441
47234.1
0
8681.77
796268
472018
351551
203963
47785.4
0
8658.04
795169
471228
350617
203431
47639.1
0
8707.12
797441
472863
352549
204531
47941.6
0
8639.98
794333
470626
349906
203026
47527.8
0
8616.45
793121
469807
349016
202516
47413.7
0
8795.32
801525
475801
356021
206507
48485.2
0
8517.09
787473
466193
345416
200437
47066.3
0
8535.12
788499
466849
346070
200814
47129.3
0
8629.17
793833
470266
349480
202784
47461.2
0
8714.1
797765
473095
352824
204687
47984.6
0
8639.21
794297
470601
349875
203009
47523.1
0
8519.37
787603
466276
345499
200485
47074.3
0
8373.63
779319
460975
340219
197435
46564.6
0
8758.34
799813
474569
354565
205678
48257.3
0
8644.73
794553
470784
350093
203133
47557
0
8668.1
795635
471563
351013
203656
47701.1
0
8688.76
796591
472251
351826
204119
47828.4
0
8738.75
798906
473916
353794
205239
48136.5
0
8742.67
799087
474047
353949
205327
48160.7
0
8738.73
798905
473916
353793
205239
48136.4
0
8500.79
786547
465600
344826
200096
47009.3
0
8634.27
794069
470436
349681
202899
47492.6
0
8542.88
788939
467131
346350
200977
47156.4
0
8738.62
798900
473912
353789
205237
48135.7
0
8616.59
793129
469812
349021
202519
47414.2
0
8834.03
803317
477091
357545
207374
48723.8
0
8543.08
788951
467138
346358
200981
47157.2
0
8809.49
802181
476273
356579
206824
48572.5
0
8663.1
795404
471396
350816
203545
47670.3
0
8720.63
798067
473313
353081
204834
48024.9
0
8559.59
789889
467739
346956
201326
47214.9
0
8669.2
795686
471600
351056
203681
47707.9
0
8839.11
803552
477260
357745
207488
48755
0
8528.34
788113
466602
345824
200672
47105.6
0
8883.71
805617
478746
359501
208488
49029.9
0
8726.45
798337
473507
353310
204964
48060.7
0
8650.47
794819
470976
350319
203261
47592.4
0
8439.61
783070
463375
342610
198816
46795.4
0
8487.41
785787
465114
344341
199816
46962.5
0
8549.54
789318
467373
346592
201116
47179.8
0
8615.7
793079
469780
348989
202501
47411.1
0
8584.67
791315
468651
347865
201851
47302.6
0
8663.25
795410
471401
350822
203548
47671.2
0
8674.45
795929
471774
351263
203799
47740.2
0
8560.86
789962
467785
347002
201353
47219.3
0
8710.93
797618
472990
352699
204616
47965
0
8628.33
793794
470238
349447
202765
47456
0
8677.2
796056
471866
351371
203860
47757.2
0
8696.07
796930
472495
352114
204283
47873.5
0
8505.44
786812
465769
344994
200193
47025.6
0
8661.25
795318
471335
350743
203503
47658.9
0
8558.06
789802
467683
346900
201294
47209.5
0
8583.33
791239
468602
347816
201823
47297.9
0
8645.76
794600
470819
350133
203156
47563.4
0
8522.09
787758
466375
345598
200542
47083.8
0
8652.03
794891
471028
350380
203297
47602.1
0
8384.4
779932
461367
340609
197660
46602.3
0
8694.74
796868
472450
352062
204253
47865.3
0
8684.56
796397
472111
351661
204025
47802.5
0
8472.69
784950
464578
343808
199508
46911
0
8632.66
793994
470382
349617
202862
47482.7
0
8712.89
797708
473055
352776
204660
47977.1
0
8594.71
791886
469016
348228
202062
47337.7
0
8574.81
790754
468292
347507
201645
47268.1
0
8691.42
796715
472340
351931
204179
47844.8
0
8495.77
786262
465417
344644
199991
46991.7
0
8855.97
804333
477822
358409
207866
48859
0
8523.74
787852
466435
345657
200576
47089.5
0
8534.02
788436
466809
346030
200791
47125.5
0
8711.74
797655
473017
352731
204634
47970.1
0
8615.2
793050
469761
348970
202490
47409.3
0
8554.66
789609
467560
346777
201223
47197.7
0
8635.11
794108
470464
349714
202917
47497.8
0
8691.63
796724
472347
351939
204184
47846.1
0
8666.1
795542
471496
350934
203612
47688.8
0
8607.51
792613
469482
348692
202329
47382.4
0
8693.72
796821
472416
352021
204231
47859
0
8507.94
786953
465860
345085
200245
47034.3
0
8554.44
789597
467552
346769
201219
47196.9
0
8616.06
793099
469793
349002
202508
47412.4
0
8692.21
796751
472366
351962
204197
47849.7
0
8636.4
794167
470507
349765
202946
47505.7
0
8677.65
796077
471881
351389
203871
47760
0
8629.01
793825
470261
349474
202781
47460.2
0
8630.48
793893
470310
349532
202814
47469.3
0
8749.13
799386
474262
354203
205472
48200.5
0
8676.92
796043
471857
351360
203854
47755.4
0
8630.12
793877
470298
349518
202806
47467
0
8600.51
792215
469227
348438
202183
47358
0
8549.26
789302
467363
346582
201110
47178.8
0
8580.35
791069
468494
347708
201761
47287.5
0
8631.89
793959
470357
349587
202845
47478
0
8560.53
789943
467773
346990
201346
47218.2
0
8580.97
791105
468516
347731
201774
47289.7
0
8435.16
782817
463213
342448
198722
46779.8
0
8658.69
795199
471250
350642
203446
47643.1
0
8748.58
799361
474244
354181
205460
48197.1
0
8590.23
791631
468853
348066
201968
47322
0
8595.52
791931
469045
348257
202078
47340.5
0
8502.1
786622
465648
344873
200123
47013.9
0
8526.44
788005
466533
345755
200633
47099
0
8625.82
793654
470148
349355
202713
47446.5
0
8714.21
797770
473099
352828
204690
47985.3
0
8711.33
797636
473003
352715
204625
47967.5
0
8634.1
794061
470430
349674
202895
47491.6
0
8400.51
780847
461953
341193
197997
46658.6
0
8642.89
794468
470723
350020
203092
47545.7
0
8722.55
798156
473377
353156
204877
48036.7
0
8513.01
787242
466045
345269
200352
47052
0
8505.8
786832
465782
345007
200201
47026.8
0
8508.45
786983
465879
345103
200256
47036.1
0
8505.83
786834
465784
345008
200201
47026.9
0
8613.2
792937
469689
348898
202448
47402.3
0
8671.1
795774
471663
351131
203724
47719.6
0
8624.52
793580
470100
349308
202685
47441.9
0
8703.32
797265
472736
352399
204446
47918.2
0
8610.18
792765
469579
348789
202385
47391.8
0
8501.5
786587
465626
344851
200111
47011.8
0
8650.86
794837
470989
350334
203270
47594.8
0
8765.12
800127
474795
354833
205830
48299.1
0
8560.1
789919
467757
346975
201337
47216.7
0
8602.34
792319
469294
348505
202221
47364.4
0
8642.67
794458
470716
350012
203087
47544.4
0
8515.02
787356
466118
345341
200394
47059
0
8528.55
788125
466610
345831
200677
47106.3
0
8641.09
794384
470663
349949
203051
47534.6
0
8516.38
787433
466167
345390
200422
47063.8
0
8573.68
790690
468251
347466
201621
47264.2
0
8645.08
794569
470796
350106
203141
47559.2
0
8483.63
785572
464976
344204
199737
46949.3
0
8560.19
789924
467761
346978
201339
47217
0
8633.33
794025
470405
349644
202878
47486.8
0
8499.3
786462
465546
344772
200065
47004.1
0
8559.84
789904
467748
346965
201332
47215.8
0
8710.24
797586
472967
352672
204601
47960.8
0
8838.06
803503
477225
357704
207465
48748.6
0
8649.01
794751
470927
350261
203229
47583.5
0
8642.83
794465
470721
350018
203090
47545.3
0
8606.11
792534
469431
348641
202300
47377.6
0
8659.84
795252
471288
350687
203471
47650.2
0
8727.3
798376
473535
353343
204983
48066
0
8648.88
794745
470923
350256
203226
47582.6
0
8655.59
795056
471146
350520
203376
47624
0
8694.42
796854
472440
352049
204246
47863.3
0
8606.62
792562
469449
348660
202311
47379.3
0
8654.06
794985
471095
350460
203342
47614.6
0
8535.53
788522
466864
346084
200823
47130.7
0
8589.13
791568
468813
348026
201945
47318.2
0
8505.7
786826
465779
345004
200199
47026.5
0
8393.09
780425
461683
340924
197842
46632.7
0
8448.84
783594
463711
342944
199009
46827.6
0
8645.84
794604
470821
350136
203158
47563.9
0
8525.52
787953
466500
345722
200613
47095.8
0
8676.24
796012
471834
351333
203839
47751.2
0
8692.66
796772
472381
351980
204207
47852.5
0
8398.98
780760
461897
341138
197965
46653.3
0
8555.56
789661
467592
346810
201242
47200.8
0
8509.58
787047
465920
345144
200280
47040
0
8622.18
793447
470015
349223
202636
47433.7
0
8755.4
799677
474471
354450
205613
48239.2
0
8516.48
787439
466171
345394
200424
47064.2
0
8695.83
796919
472487
352104
204278
47872
0
8472.4
784933
464568
343797
199502
46910
0
8557.19
789753
467652
346869
201276
47206.5
0
8647.67
794689
470882
350208
203199
47575.2
0
8624.36
793571
470094
349302
202682
47441.4
0
8610.15
792764
469578
348788
202385
47391.7
0
8800.76
801777
475982
356235
206629
48518.7
0
8431.83
782627
463092
342328
198653
46768.1
0
8535.26
788506
466854
346075
200817
47129.8
0
8738.88
798912
473921
353799
205242
48137.3
0
8600.04
792189
469210
348421
202173
47356.3
0
8600.56
792218
469229
348440
202184
47358.2
0
8798.73
801683
475915
356156
206583
48506.2
0
8458.67
784153
464068
343300
199214
46862
0
8649.84
794790
470955
350294
203247
47588.6
0
8511.98
787183
466007
345231
200330
47048.4
0
8550.59
789378
467412
346630
201138
47183.4
0
8566.12
790260
467976
347192
201463
47237.7
0
8580.7
791089
468507
347721
201768
47288.7
0
8604.92
792466
469388
348598
202275
47373.4
0
8504.27
786745
465727
344952
200169
47021.4
0
8468.27
784699
464417
343648
199415
46895.6
0
8570.17
790491
468124
347339
201548
47251.9
0
8405.86
781151
462147
341387
198109
46677.3
0
8699.32
797080
472603
352242
204356
47893.5
0
8631.36
793934
470339
349567
202833
47474.7
0
8405.4
781125
462130
341370
198099
46675.7
0
8604.9
792465
469387
348597
202275
47373.3
0
8596.23
791972
469071
348283
202093
47343
0
8415.09
781676
462483
341721
198302
46709.6
0
8716.23
797863
473166
352907
204735
47997.7
0
8614.26
792997
469727
348937
202471
47406.1
0
8783.92
800997
475421
355573
206252
48414.9
0
8554.61
789606
467557
346775
201222
47197.5
0
8605.2
792482
469398
348608
202281
47374.4
0
8607.4
792607
469478
348688
202327
47382.1
0
8648.25
794716
470902
350231
203212
47578.7
0
8621.04
793382
469974
349182
202613
47429.8
0
8578.59
790969
468430
347644
201724
47281.3
0
8551.52
789430
467445
346663
201157
47186.7
0
8585.25
791348
468672
347886
201864
47304.6
0
8512.58
787217
466029
345253
200343
47050.5
0
8610.63
792791
469595
348805
202395
47393.4
0
8665.61
795520
471480
350915
203601
47685.8
0
8601.02
792244
469245
348457
202193
47359.7
0
8564.7
790180
467925
347141
201433
47232.8
0
8662.97
795398
471392
350811
203542
47669.5
0
8639.95
794332
470625
349904
203026
47527.6
0
8708.69
797514
472915
352611
204566
47951.3
0
8601.47
792270
469262
348473
202203
47361.3
0
8655.7
795061
471150
350525
203379
47624.7
0
8581.34
791126
468530
347744
201782
47290.9
0
8583.93
791273
468624
347838
201836
47300
0
8695.42
796900
472473
352088
204269
47869.5
0
8695.52
796904
472476
352092
204271
47870.1
0
8581.6
791141
468539
347753
201787
47291.9
0
8594.9
791897
469023
348235
202065
47338.4
0
8549.26
789302
467363
346582
201110
47178.8
0
8496.11
786281
465430
344656
199998
46992.9
0
8657.16
795129
471199
350582
203411
47633.7
0
8681.1
796237
471996
351525
203948
47781.2
0
8650.84
794836
470988
350333
203270
47594.7
0
8843.43
803752
477404
357915
207585
48781.7
0
8707.65
797466
472881
352570
204543
47944.9
0
8755.57
799685
474477
354457
205616
48240.2
0
8593.78
791833
468982
348194
202042
47334.4
0
8681.83
796270
472020
351553
203964
47785.7
0
8565.12
790203
467940
347156
201442
47234.2
0
8572.76
790638
468218
347433
201602
47260.9
0
8686.29
796477
472169
351729
204064
47813.2
0
8729.16
798462
473597
353416
205025
48077.4
0
8665.55
795517
471478
350912
203599
47685.4
0
8707.55
797461
472877
352566
204540
47944.2
0
8508.76
787000
465890
345114
200263
47037.1
0
8660.91
795302
471323
350730
203495
47656.8
0
8353.82
778193
460255
339502
197020
46495.4
0
8617.39
793175
469841
349050
202536
47417
0
8754.51
799635
474442
354415
205593
48233.7
0
8633.26
794022
470403
349641
202876
47486.4
0
8689.84
796641
472287
351869
204144
47835.1
0
8784.27
801013
475433
355586
206259
48417.1
0
8588.36
791525
468785
347998
201929
47315.5
0
8701.27
797171
472668
352319
204400
47905.6
0
8539.02
788720
466990
346211
200896
47142.9
0
8677.84
796086
471887
351396
203875
47761.1
0
8457.67
784096
464032
343264
199193
46858.5
0
8498.13
786396
465504
344730
200040
47000
0
8493.94
786158
465351
344578
199953
46985.3
0
8643.85
794512
470755
350058
203113
47551.7
0
8631.36
793934
470339
349566
202833
47474.7
0
8536.92
788601
466914
346135
200852
47135.6
0
8421.13
782019
462703
341940
198429
46730.7
0
8533.79
788423
466800
346021
200786
47124.7
0
8608.47
792668
469517
348727
202349
47385.8
0
8590.29
791634
468855
348068
201969
47322.2
0
8726.3
798330
473502
353304
204961
48059.8
0
8682.94
796322
472057
351597
203989
47792.5
0
8675.75
795989
471818
351314
203828
47748.3
0
8851.73
804136
477680
358242
207771
48832.8
0
8569.1
790430
468085
347301
201526
47248.2
0
8634.1
794061
470430
349674
202895
47491.6
0
8730.44
798521
473640
353467
205053
48085.3
0
8715.18
797814
473131
352866
204711
47991.2
0
8674.26
795920
471768
351255
203794
47739
0
8604.11
792420
469358
348569
202258
47370.6
0
8734.66
798716
473780
353633
205148
48111.3
0
8679.87
796180
471955
351476
203920
47773.6
0
8527.11
788043
466557
345779
200647
47101.3
0
8559.63
789892
467740
346957
201327
47215
0
8715.43
797826
473140
352876
204717
47992.8
0
8754.59
799639
474444
354418
205594
48234.1
0
8574.35
790728
468276
347491
201635
47266.5
0
8476.27
785153
464708
343937
199583
46923.5
0
8605.29
792487
469401
348612
202283
47374.7
0
8632.51
793987
470377
349612
202859
47481.8
0
8650.03
794798
470961
350301
203252
47589.7
0
8686.23
796474
472167
351727
204063
47812.8
0
8595.77
791946
469055
348267
202084
47341.4
0
8610.89
792805
469605
348814
202400
47394.3
0
8473.31
784985
464601
343830
199521
46913.2
0
8562.25
790041
467836
347052
201382
47224.2
0
8894.01
806094
479089
359907
208718
49093.4
0
8559.09
789861
467720
346938
201316
47213.1
0
8636.05
794151
470495
349751
202939
47503.6
0
8639.46
794309
470609
349885
203015
47524.6
0
8713.71
797747
473082
352808
204678
47982.2
0
8668.61
795659
471580
351033
203668
47704.3
0
8892.99
806046
479055
359866
208695
49087.1
0
8647.06
794661
470862
350185
203185
47571.4
0
8670.1
795728
471630
351092
203701
47713.5
0
8611.9
792863
469641
348851
202421
47397.8
0
8698.68
797051
472582
352217
204342
47889.6
0
8782.76
800943
475382
355527
206226
48407.7
0
8582.07
791167
468556
347770
201797
47293.5
0
8584.85
791325
468657
347871
201855
47303.2
0
8669.25
795688
471601
351058
203682
47708.2
0
8532.1
788327
466739
345960
200751
47118.8
0
8419.39
781920
462640
341877
198392
46724.7
0
8708.58
797509
472911
352606
204564
47950.6
0
8685.06
796420
472128
351681
204037
47805.6
0
8788.68
801217
475580
355760
206358
48444.2
0
8472.36
784931
464566
343796
199501
46909.9
0
8712.7
797700
473049
352769
204656
47976
0
8642.84
794465
470721
350018
203091
47545.4
0
8636.79
794186
470520
349780
202955
47508.2
0
8622.08
793442
470012
349220
202634
47433.4
0
8536.5
788577
466899
346119
200843
47134.1
0
8691.45
796716
472341
351932
204180
47845
0
8721.56
798110
473344
353118
204854
48030.6
0
8530.09
788212
466666
345887
200709
47111.7
0
8604.62
792449
469376
348587
202269
47372.3
0
8710.05
797577
472960
352664
204596
47959.6
0
8541.08
788837
467066
346285
200939
47150.2
0
8628.98
793824
470260
349473
202780
47460
0
8475.66
785119
464686
343915
199570
46921.4
0
8524.01
787867
466445
345667
200582
47090.5
0
8724.42
798242
473439
353230
204919
48048.2
0
8596.94
792012
469097
348309
202108
47345.5
0
8615.14
793047
469759
348968
202489
47409.2
0
8615.37
793060
469768
348977
202494
47409.9
0
8598.63
792108
469159
348370
202143
47351.4
0
8594.8
791891
469019
348232
202063
47338
0
8540.19
788786
467033
346253
200920
47147
0
8553.85
789563
467530
346748
201206
47194.8
0
8750.77
799462
474317
354268
205509
48210.6
0
8545.92
789113
467242
346461
201040
47167.1
0
8685.39
796435
472139
351693
204044
47807.7
0
8575.27
790781
468309
347524
201655
47269.7
0
8550
789344
467390
346609
201126
47181.4
0
8580.55
791081
468501
347715
201765
47288.2
0
8558.38
789821
467695
346912
201301
47210.7
0
8611.64
792848
469632
348842
202416
47396.9
0
8585.27
791349
468673
347886
201864
47304.7
0
8415.42
781695
462495
341733
198309
46710.8
0
8714.33
797775
473103
352833
204692
47986
0
8517.09
787474
466193
345416
200437
47066.3
0
8474.58
785057
464647
343876
199547
46917.6
0
8692.81
796779
472386
351986
204210
47853.4
0
8668.6
795658
471580
351032
203668
47704.2
0
8726.5
798339
473508
353312
204965
48061
0
8522.88
787803
466404
345626
200558
47086.5
0
8433.26
782709
463144
342379
198683
46773.1
0
8628.14
793785
470232
349440
202761
47454.8
0
8697.14
796980
472531
352156
204307
47880.1
0
8714.05
797762
473094
352822
204686
47984.3
0
8592.47
791758
468935
348147
202015
47329.9
0
8616.72
793137
469817
349026
202522
47414.7
0
8419.32
781916
462637
341874
198391
46724.4
0
8552.85
789506
467494
346712
201185
47191.3
0
8520.81
787685
466328
345551
200515
47079.3
0
8579.48
791020
468462
347676
201743
47284.4
0
8659.78
795250
471286
350685
203470
47649.8
0
8647.8
794695
470887
350214
203202
47576
0
8810
802204
476290
356599
206836
48575.6
0
8606.99
792583
469463
348673
202318
47380.6
0
8589.63
791597
468831
348044
201955
47319.9
0
8468.42
784707
464423
343653
199418
46896.1
0
8491.54
786021
465264
344491
199902
46976.9
0
8645.44
794586
470808
350121
203149
47561.5
0
8620.42
793347
469951
349159
202599
47427.6
0
8550.29
789361
467401
346619
201132
47182.4
0
8621.96
793435
470007
349215
202632
47433
0
8574.19
790720
468270
347485
201632
47266
0
8668.37
795647
471572
351023
203663
47702.8
0
8597.28
792032
469110
348321
202115
47346.7
0
8433.43
782718
463150
342385
198686
46773.7
0
8595.76
791945
469054
348266
202083
47341.4
0
8508.19
786968
465869
345094
200251
47035.2
0
8663.11
795404
471397
350816
203545
47670.3
0
8776.12
800636
475161
355265
206077
48366.8
0
8465.34
784532
464311
343542
199354
46885.3
0
8679.02
796140
471927
351443
203901
47768.4
0
8461.39
784308
464167
343399
199271
46871.5
0
8588.2
791516
468779
347992
201925
47314.9
0
8644.16
794527
470765
350070
203120
47553.6
0
8654
794982
471093
350458
203341
47614.2
0
8609.63
792733
469559
348769
202374
47389.9
0
8434.64
782787
463194
342429
198711
46778
0
8672.56
795841
471712
351188
203757
47728.6
0
8573.02
790652
468227
347442
201607
47261.8
0
8620.93
793376
469970
349178
202610
47429.4
0
8687.38
796527
472205
351772
204088
47819.9
0
8638.35
794257
470572
349841
202990
47517.7
0
8671.6
795797
471679
351150
203735
47722.7
0
8523.25
787823
466417
345639
200566
47087.8
0
8555.52
789658
467591
346808
201241
47200.7
0
8600.82
792233
469239
348450
202189
47359.1
0
8532.12
788328
466740
345961
200752
47118.8
0
8435.1
782813
463211
342446
198721
46779.6
0
8789.5
801255
475607
355792
206377
48449.3
0
8693.84
796827
472420
352026
204233
47859.8
0
8688.11
796561
472230
351801
204105
47824.4
0
8659.56
795239
471278
350676
203465
47648.4
0
8721.83
798123
473353
353128
204860
48032.3
0
8743.19
799111
474064
353969
205339
48163.9
0
8577.22
790891
468380
347594
201695
47276.5
0
8580.57
791082
468502
347716
201765
47288.2
0
8571.86
790587
468185
347400
201583
47257.8
0
8544.74
789045
467199
346418
201016
47163
0
8476.14
785146
464703
343933
199580
46923.1
0
8634.52
794080
470444
349691
202904
47494.1
0
8610.48
792782
469590
348800
202392
47392.9
0
8635.17
794111
470466
349716
202919
47498.2
0
8646.93
794655
470858
350179
203182
47570.6
0
8784.37
801018
475436
355590
206262
48417.7
0
8524.77
787910
466472
345695
200598
47093.1
0
8661.59
795334
471346
350757
203511
47661
0
8507.84
786948
465856
345081
200243
47033.9
0
8768.15
800267
474896
354952
205898
48317.8
0
8787.92
801182
475554
355730
206341
48439.6
0
8510.41
787094
465950
345174
200297
47042.9
0
8624.15
793559
470087
349295
202678
47440.7
0
8606.43
792552
469442
348653
202307
47378.7
0
8598.93
792126
469170
348381
202150
47352.5
0
8506.61
786878
465812
345037
200218
47029.6
0
8718.98
797990
473258
353016
204797
48014.7
0
8525.82
787970
466510
345732
200620
47096.8
0
8482.73
785521
464943
344172
199718
46946.1
0
8610.1
792760
469576
348786
202383
47391.5
0
8639.47
794309
470609
349886
203015
47524.7
0
8565.45
790223
467952
347168
201449
47235.4
0
8636.91
794191
470524
349785
202958
47508.9
0
8594.76
791888
469018
348230
202062
47337.9
0
8639.09
794292
470597
349871
203007
47522.3
0
8650.74
794831
470985
350329
203268
47594.1
0
8484.25
785607
464998
344226
199750
46951.4
0
8608.68
792680
469524
348734
202354
47386.5
0
8694.07
796837
472428
352035
204239
47861.2
0
8833.89
803311
477086
357540
207371
48722.9
0
8583.67
791258
468615
347828
201830
47299.1
0
8627.52
793751
470210
349417
202748
47452.4
0
8722.36
798147
473370
353149
204872
48035.5
0
8692.27
796754
472368
351964
204198
47850.1
0
8670.75
795758
471651
351117
203716
47717.5
0
8758.6
799825
474578
354576
205684
48258.9
0
8538.1
788668
466957
346177
200877
47139.8
0
8700.54
797137
472644
352290
204383
47901
0
8528.04
788096
466591
345813
200666
47104.6
0
8573.29
790668
468237
347452
201613
47262.8
0
8688.28
796569
472235
351807
204109
47825.5
0
8826.94
802989
476854
357266
207215
48680
0
8671.06
795772
471662
351129
203723
47719.4
0
8664.94
795489
471458
350888
203586
47681.6
0
8444.73
783360
463561
342795
198923
46813.2
0
8675.21
795964
471800
351293
203816
47744.9
0
8608.92
792693
469533
348743
202359
47387.4
0
8716.91
797894
473189
352934
204750
48001.9
0
8684.99
796417
472125
351678
204035
47805.2
0
8701.64
797188
472680
352333
204408
47907.8
0
8732.81
798631
473719
353560
205106
48099.9
0
8705.16
797351
472798
352472
204487
47929.5
0
8585.92
791386
468696
347910
201877
47307
0
8654.33
794997
471104
350471
203348
47616.2
0
8464.24
784469
464271
343502
199331
46881.5
0
8565.96
790251
467970
347187
201460
47237.2
0
8596.57
791992
469084
348296
202100
47344.2
0
8640.98
794380
470660
349945
203049
47534
0
8681.15
796239
471998
351527
203949
47781.5
0
8777.99
800722
475224
355339
206119
48378.4
0
8735.83
798771
473819
353679
205174
48118.5
0
8592.99
791788
468954
348166
202025
47331.7
0
8577.29
790896
468383
347597
201697
47276.8
0
8476.07
785142
464701
343930
199579
46922.9
0
8677.95
796091
471891
351401
203877
47761.8
0
8641.74
794415
470685
349975
203066
47538.7
0
8659.62
795243
471281
350679
203467
47648.9
0
8617.99
793209
469863
349072
202549
47419.1
0
8703.47
797273
472741
352405
204449
47919.1
0
8658.19
795176
471233
350623
203435
47640.1
0
8719.75
798026
473283
353046
204814
48019.4
0
8544.95
789057
467206
346425
201020
47163.7
0
8691.72
796728
472350
351943
204186
47846.7
0
8708.32
797497
472903
352596
204558
47949
0
8719.41
798010
473272
353033
204806
48017.3
0
8541.8
788878
467092
346311
200954
47152.7
0
8583.41
791243
468605
347819
201825
47298.2
0
8405.31
781120
462128
341367
198098
46675.4
0
8861.74
804600
478014
358636
207995
48894.5
0
8818.17
802583
476562
356921
207019
48626
0
8723.22
798187
473399
353183
204892
48040.8
0
8635.55
794128
470479
349731
202927
47500.5
0
8603.68
792395
469342
348553
202249
47369.1
0
8731.86
798587
473687
353523
205085
48094
0
8640.12
794340
470631
349911
203030
47528.7
0
8556.33
789704
467620
346838
201258
47203.5
0
8569.46
790451
468098
347314
201533
47249.4
0
8551.06
789405
467429
346647
201148
47185.1
0
8563.9
790134
467896
347112
201417
47230
0
8649.59
794778
470946
350284
203242
47587
0
8695.8
796917
472486
352103
204277
47871.8
0
8566.19
790265
467979
347195
201465
47238
0
8638.41
794261
470574
349844
202991
47518.1
0
8625.46
793634
470135
349342
202705
47445.2
0
8619.5
793295
469918
349126
202580
47424.4
0
8783.19
800963
475397
355544
206235
48410.4
0
8642.9
794468
470724
350021
203092
47545.8
0
8558.67
789837
467705
346923
201307
47211.7
0
8577.13
790887
468377
347592
201694
47276.2
0
8650.36
794814
470972
350314
203259
47591.8
0
8580.66
791087
468505
347719
201767
47288.6
0
8627.37
793742
470204
349411
202745
47451.9
0
8624.75
793593
470109
349316
202690
47442.7
0
8772.94
800489
475055
355140
206006
48347.2
0
8629.89
793866
470290
349508
202800
47465.6
0
8748.07
799337
474227
354161
205448
48194
0
8507.5
786929
465844
345069
200236
47032.7
0
8643.42
794492
470741
350041
203103
47549
0
8716.46
797874
473174
352917
204740
47999.2
0
8630.68
793902
470316
349539
202818
47470.5
0
8547.93
789227
467315
346534
201083
47174.1
0
8667.27
795597
471535
350980
203638
47696
0
8730.43
798521
473639
353467
205053
48085.3
0
8531.71
788305
466725
345946
200743
47117.4
0
8563.11
790090
467867
347084
201400
47227.2
0
8695.77
796916
472485
352102
204276
47871.6
0
8507.29
786917
465837
345061
200232
47032
0
8339.47
777377
459733
338982
196720
46445.2
0
8625.52
793637
470137
349344
202706
47445.4
0
8533.95
788432
466806
346027
200790
47125.2
0
8633.26
794022
470402
349641
202876
47486.4
0
8507.14
786908
465831
345056
200229
47031.5
0
8572.64
790631
468213
347429
201600
47260.5
0
8468.42
784707
464423
343653
199418
46896.1
0
8590.12
791625
468849
348062
201965
47321.6
0
8734
798686
473758
353607
205133
48107.2
0
8653.6
794964
471080
350442
203332
47611.7
0
8610.42
792779
469588
348797
202390
47392.6
0
8645.36
794582
470805
350117
203147
47560.9
0
8694.23
796845
472433
352042
204242
47862.2
0
8613.26
792940
469691
348900
202450
47402.6
0
8694.93
796877
472457
352069
204258
47866.5
0
8532.52
788351
466754
345975
200760
47120.2
0
8532.67
788359
466760
345981
200763
47120.8
0
8453.14
783839
463867
343100
199099
46842.7
0
8744.41
799168
474105
354017
205366
48171.4
0
8438.36
782999
463329
342564
198789
46791
0
8591.72
791715
468907
348120
201999
47327.2
0
8669.98
795722
471626
351087
203699
47712.7
0
8652.48
794912
471043
350398
203307
47604.8
0
8648.45
794725
470908
350239
203216
47580
0
8529.87
788200
466658
345879
200704
47111
0
8649.63
794780
470948
350286
203243
47587.3
0
8486
785706
465062
344290
199786
46957.6
0
8625.07
793611
470120
349328
202697
47443.9
0
8663.44
795419
471408
350829
203552
47672.4
0
8725.47
798291
473474
353271
204942
48054.7
0
8574.73
790750
468290
347504
201643
47267.8
0
8535.12
788498
466849
346069
200814
47129.3
0
8717.51
797922
473209
352958
204764
48005.6
0
8669.14
795683
471598
351054
203680
47707.5
0
8485.68
785688
465051
344278
199780
46956.5
0
8477.27
785210
464745
343974
199604
46927
0
8570.77
790525
468145
347361
201560
47254
0
8582.5
791192
468572
347786
201806
47295
0
8696.03
796928
472493
352112
204282
47873.2
0
8673.7
795894
471749
351233
203782
47735.6
0
8699.16
797073
472598
352236
204352
47892.5
0
8545.65
789097
467232
346451
201035
47166.2
0
8733.73
798673
473749
353596
205127
48105.6
0
8562.67
790065
467851
347068
201391
47225.7
0
8546.03
789118
467245
346465
201043
47167.5
0
8585.36
791354
468676
347889
201866
47305
0
8536.18
788559
466887
346108
200837
47133
0
8523.22
787822
466416
345638
200565
47087.7
0
8632.73
793997
470385
349620
202864
47483.1
0
8712.63
797697
473046
352766
204654
47975.6
0
8654.2
794991
471100
350466
203345
47615.4
0
8648.89
794746
470923
350257
203226
47582.7
0
8614.96
793036
469753
348962
202485
47408.5
0
8658.9
795209
471257
350651
203450
47644.4
0
8708.89
797523
472922
352619
204570
47952.5
0
8675.49
795977
471809
351304
203822
47746.7
0
8574.54
790739
468283
347498
201639
47267.2
0
8730.24
798512
473633
353459
205049
48084.1
0
8734.75
798720
473783
353637
205150
48111.9
0
8715.39
797824
473138
352874
204716
47992.5
0
8686.96
796508
472191
351755
204079
47817.3
0
8683.69
796357
472082
351627
204006
47797.2
0
8725.54
798294
473476
353274
204944
48055.1
0
8578.95
790990
468443
347657
201732
47282.6
0
8646.43
794632
470841
350160
203171
47567.6
0
8480.21
785377
464852
344080
199665
46937.3
0
8685.83
796456
472153
351711
204054
47810.4
0
8682.23
796289
472034
351569
203973
47788.2
0
8551.64
789437
467450
346668
201160
47187.1
0
8704.7
797330
472782
352454
204477
47926.7
0
8596.89
792009
469095
348307
202107
47345.3
0
8751.55
799498
474343
354298
205526
48215.4
0
8681.23
796243
472000
351530
203951
47782
0
8433.5
782722
463153
342388
198688
46774
0
8432.86
782686
463129
342365
198674
46771.7
0
8576.5
790851
468354
347569
201680
47274
0
8829.35
803100
476935
357361
207270
48694.9
0
8533.17
788388
466778
345999
200774
47122.5
0
8642.78
794463
470720
350016
203089
47545.1
0
8617.91
793204
469860
349069
202547
47418.8
0
8670.76
795758
471652
351117
203716
47717.5
0
8773.52
800516
475075
355163
206019
48350.8
0
8492.86
786097
465312
344539
199930
46981.6
0
8543.54
788977
467155
346374
200990
47158.8
0
8560.02
789914
467754
346972
201335
47216.4
0
8554.93
789624
467569
346787
201229
47198.6
0
8685.8
796454
472153
351710
204053
47810.2
0
8617.6
793187
469849
349057
202540
47417.7
0
8571.29
790555
468164
347380
201571
47255.8
0
8716.18
797861
473164
352905
204734
47997.4
0
8607.57
792616
469484
348694
202330
47382.7
0
8579.01
790993
468445
347660
201733
47282.8
0
8414.04
781616
462445
341683
198280
46705.9
0
8735.3
798746
473802
353659
205162
48115.3
0
8609.98
792753
469571
348781
202381
47391.1
0
8563.82
790130
467893
347109
201415
47229.7
0
8653.41
794955
471074
350434
203327
47610.6
0
8673.69
795894
471749
351233
203782
47735.6
0
8517.21
787480
466197
345421
200440
47066.7
0
8656.48
795097
471176
350555
203396
47629.5
0
8611.37
792833
469622
348832
202410
47396
0
8814.52
802414
476441
356777
206937
48603.5
0
8453.17
783840
463868
343101
199099
46842.8
0
8671.03
795771
471661
351128
203722
47719.2
0
8751.1
799478
474328
354280
205516
48212.6
0
8475.7
785121
464687
343917
199571
46921.5
0
8779.88
800810
475287
355414
206161
48390
0
8552.5
789486
467481
346699
201178
47190.1
0
8639.1
794292
470597
349871
203007
47522.3
0
8630.03
793872
470295
349514
202803
47466.4
0
8617.81
793199
469856
349065
202545
47418.5
0
8724.2
798232
473432
353221
204913
48046.8
0
8712.77
797703
473051
352771
204657
47976.4
0
8469.03
784742
464445
343675
199431
46898.2
0
8509.45
787039
465915
345139
200277
47039.6
0
8567.14
790319
468014
347230
201485
47241.3
0
8694.25
796846
472434
352042
204242
47862.3
0
8626.46
793690
470171
349378
202726
47448.7
0
8568.76
790410
468072
347288
201518
47246.9
0
8532
788321
466735
345956
200749
47118.4
0
8739.23
798928
473933
353813
205250
48139.5
0
8491.55
786022
465264
344491
199902
46977
0
8610.77
792799
469600
348810
202398
47393.9
0
8701.66
797188
472681
352334
204408
47907.9
0
8693.01
796788
472393
351993
204215
47854.6
0
8667.9
795626
471556
351005
203652
47699.9
0
8619.74
793308
469926
349135
202585
47425.2
0
8713.36
797730
473071
352795
204671
47980.1
0
8580.72
791090
468507
347721
201769
47288.8
0
8487.23
785776
465107
344334
199812
46961.9
0
8574.74
790751
468290
347505
201644
47267.9
0
8681.86
796272
472021
351554
203965
47785.9
0
8671.54
795794
471677
351148
203734
47722.3
0
8636.15
794156
470499
349755
202941
47504.2
0
8625.51
793636
470136
349344
202706
47445.4
0
8580.6
791084
468503
347717
201766
47288.4
0
8473.93
785021
464623
343853
199534
46915.4
0
8597.16
792025
469105
348317
202113
47346.3
0
8502.81
786662
465674
344899
200138
47016.4
0
8587.49
791475
468754
347967
201910
47312.5
0
8754.74
799646
474449
354424
205598
48235.1
0
8869.22
804946
478263
358931
208163
48940.6
0
8656.31
795089
471170
350549
203392
47628.4
0
8802.52
801858
476041
356305
206668
48529.6
0
8377.36
779531
461111
340354
197513
46577.7
0
8732.46
798615
473707
353547
205099
48097.8
0
8595.13
791909
469031
348243
202070
47339.2
0
8642.54
794451
470711
350006
203084
47543.6
0
8723.23
798187
473399
353183
204892
48040.9
0
8670.98
795768
471659
351126
203721
47718.9
0
8645.63
794595
470815
350128
203153
47562.6
0
8608.07
792645
469502
348712
202341
47384.4
0
8736.81
798816
473852
353718
205196
48124.6
0
8552.61
789493
467485
346703
201180
47190.5
0
8448.13
783554
463685
342918
198994
46825.1
0
8527.58
788070
466574
345796
200656
47102.9
0
8549.59
789321
467375
346593
201117
47179.9
0
8655.27
795041
471135
350507
203369
47622
0
8523.06
787813
466410
345633
200562
47087.2
0
8765.78
800157
474817
354858
205845
48303.1
0
8627.81
793767
470220
349427
202754
47453.4
0
8682.34
796294
472037
351573
203975
47788.8
0
8752.24
799530
474366
354325
205542
48219.7
0
8708.46
797504
472908
352602
204561
47949.9
0
8718
797945
473225
352977
204775
48008.6
0
8718.69
797977
473248
353004
204790
48012.9
0
8878.1
805357
478559
359281
208362
48995.4
0
8489.53
785907
465191
344418
199860
46969.9
0
8556.09
789690
467611
346829
201253
47202.6
0
8694.48
796856
472442
352051
204248
47863.7
0
8547.58
789207
467302
346521
201075
47172.9
0
8775.94
800627
475155
355258
206073
48365.7
0
8612.27
792884
469655
348864
202429
47399.1
0
8381.79
779783
461272
340515
197605
46593.2
0
8644.16
794526
470765
350070
203120
47553.5
0
8704.67
797328
472781
352453
204476
47926.5
0
8706.14
797396
472830
352510
204509
47935.6
0
8609.13
792705
469541
348751
202363
47388.1
0
8571.64
790575
468177
347393
201579
47257
0
8599.5
792158
469190
348402
202162
47354.5
0
8697.01
796974
472526
352151
204304
47879.3
0
8849.48
804032
477605
358153
207720
48818.9
0
8651.64
794873
471015
350365
203288
47599.7
0
8664.75
795480
471451
350881
203582
47680.5
0
8845.56
803851
477475
357999
207633
48794.8
0
8714.92
797803
473123
352856
204706
47989.7
0
8618.25
793224
469872
349081
202554
47420
0
8678.63
796122
471914
351427
203892
47766
0
8768.64
800290
474912
354971
205909
48320.7
0
8441.96
783203
463460
342695
198865
46803.6
0
8781.47
800883
475340
355476
206197
48399.8
0
8609.28
792714
469546
348756
202366
47388.6
0
8772.73
800479
475048
355132
206001
48346
0
8529.79
788196
466655
345876
200703
47110.7
0
8623.61
793528
470067
349275
202666
47438.8
0
8543.71
788987
467161
346381
200994
47159.4
0
8557.94
789796
467679
346896
201292
47209.1
0
8625.14
793616
470123
349331
202698
47444.1
0
8624.03
793552
470082
349290
202675
47440.2
0
8722.56
798156
473377
353157
204877
48036.7
0
8723.25
798188
473400
353184
204892
48041
0
8595.58
791935
469048
348260
202080
47340.7
0
8620.65
793360
469960
349168
202604
47428.4
0
8590.33
791636
468857
348069
201970
47322.4
0
8592.57
791764
468938
348151
202017
47330.2
0
8662.4
795371
471373
350788
203529
47666
0
8625.52
793637
470137
349344
202706
47445.4
0
8585.81
791379
468692
347906
201875
47306.6
0
8789.47
801254
475606
355791
206376
48449.1
0
8596.51
791988
469082
348293
202099
47344
0
8614.19
792993
469725
348934
202469
47405.8
0
8500.21
786514
465579
344805
200084
47007.2
0
8654.62
795011
471114
350482
203355
47618.1
0
8533.53
788408
466791
346012
200781
47123.8
0
8520.48
787666
466316
345539
200508
47078.1
0
8699.55
797091
472611
352251
204361
47894.9
0
8479.91
785360
464841
344069
199659
46936.3
0
8748.4
799353
474238
354174
205456
48196
0
8686.45
796485
472174
351735
204068
47814.2
0
8744.69
799181
474114
354028
205373
48173.2
0
8616.46
793122
469807
349016
202517
47413.8
0
8665.83
795530
471487
350924
203606
47687.1
0
8760.92
799932
474655
354667
205736
48273.2
0
8564.9
790191
467932
347148
201437
47233.4
0
8649.82
794789
470954
350293
203247
47588.4
0
8451.86
783766
463820
343053
199072
46838.2
0
8438.97
783033
463352
342586
198802
46793.1
0
8598.72
792114
469162
348374
202145
47351.7
0
8637.56
794221
470546
349810
202972
47512.9
0
8758.95
799841
474589
354589
205692
48261
0
8831.42
803196
477003
357442
207316
48707.6
0
8602.73
792341
469308
348519
202229
47365.7
0
8583.56
791252
468611
347824
201828
47298.7
0
8634.63
794085
470448
349695
202907
47494.8
0
8697.97
797018
472558
352189
204326
47885.2
0
8728.59
798436
473578
353394
205012
48073.9
0
8668.6
795658
471580
351032
203668
47704.2
0
8672.19
795824
471699
351174
203748
47726.3
0
8776.82
800668
475185
355293
206093
48371.2
0
8532.8
788366
466764
345985
200766
47121.2
0
8515.17
787364
466123
345347
200397
47059.6
0
8384.98
779964
461388
340630
197672
46604.3
0
8750.09
799431
474294
354241
205494
48206.4
0
8706.55
797415
472844
352526
204518
47938.1
0
8702.87
797244
472721
352382
204436
47915.4
0
8406.2
781170
462160
341399
198116
46678.5
0
8688.88
796597
472255
351831
204122
47829.2
0
8512.78
787229
466036
345260
200347
47051.2
0
8707.09
797440
472862
352548
204530
47941.4
0
8605.36
792491
469404
348614
202284
47374.9
0
8600.47
792213
469226
348437
202182
47357.9
0
8716.83
797891
473186
352931
204748
48001.5
0
8558.3
789816
467692
346909
201299
47210.4
0
8541.71
788873
467089
346308
200952
47152.4
0
8724.87
798263
473454
353248
204929
48051
0
8645.53
794590
470811
350124
203151
47562
0
8618.52
793239
469882
349091
202560
47421
0
8530.19
788218
466669
345891
200711
47112.1
0
8599.84
792177
469203
348414
202169
47355.6
0
8456.44
784026
463987
343219
199168
46854.2
0
8454.13
783895
463903
343135
199119
46846.1
0
8594.72
791886
469016
348229
202062
47337.7
0
8615.93
793092
469788
348997
202505
47411.9
0
8375.28
779413
461035
340279
197469
46570.4
0
8516.67
787450
466178
345401
200428
47064.8
0
8712.98
797713
473058
352780
204662
47977.7
0
8650.42
794816
470974
350317
203260
47592.1
0
8563.81
790129
467892
347109
201415
47229.7
0
8592.14
791740
468923
348135
202008
47328.7
0
8628.94
793822
470258
349471
202779
47459.7
0
8631.82
793955
470354
349584
202844
47477.5
0
8566.43
790278
467988
347204
201470
47238.8
0
8683.05
796327
472061
351601
203992
47793.3
0
8550.61
789379
467412
346631
201139
47183.5
0
8610.38
792776
469586
348796
202389
47392.5
0
8728.68
798440
473581
353398
205014
48074.5
0
8632.2
793973
470367
349599
202852
47479.8
0
8592.81
791778
468947
348159
202022
47331.1
0
8712.84
797706
473053
352774
204659
47976.9
0
8525.11
787929
466485
345707
200605
47094.3
0
8567.96
790365
468043
347259
201502
47244.2
0
8602.04
792302
469283
348494
202215
47363.3
0
8481.09
785427
464884
344112
199684
46940.4
0
8539.11
788726
466994
346214
200898
47143.3
0
8616.12
793102
469795
349004
202509
47412.6
0
8682.86
796318
472055
351594
203987
47792.1
0
8582.28
791179
468564
347778
201801
47294.3
0
8457.2
784069
464015
343247
199184
46856.8
0
8561.15
789978
467795
347012
201359
47220.3
0
8583.9
791271
468623
347837
201835
47299.9
0
8578.63
790972
468431
347646
201725
47281.5
0
8731.27
798559
473667
353500
205072
48090.4
0
8597.79
792061
469128
348340
202126
47348.5
0
8740.55
798989
473977
353865
205280
48147.6
0
8562.08
790031
467830
347046
201379
47223.6
0
8658.45
795188
471241
350633
203440
47641.6
0
8741.56
799036
474010
353905
205302
48153.8
0
8548.49
789258
467335
346554
201094
47176.1
0
8633.05
794012
470395
349633
202871
47485.1
0
8574.19
790719
468270
347485
201632
47266
0
8802.64
801864
476045
356310
206671
48530.3
0
8584.56
791309
468647
347860
201849
47302.2
0
8764.51
800099
474775
354809
205817
48295.3
0
8549.63
789323
467376
346595
201118
47180
0
8697.22
796983
472533
352159
204309
47880.5
0
8600.65
792223
469232
348443
202186
47358.5
0
8697.71
797006
472549
352179
204320
47883.6
0
8489.08
785881
465174
344402
199851
46968.3
0
8698.43
797039
472573
352207
204336
47888
0
8482.43
785503
464932
344161
199712
46945.1
0
8559.51
789885
467736
346953
201325
47214.6
0
8550.92
789396
467423
346642
201145
47184.6
0
8808.07
802115
476226
356523
206793
48563.8
0
8652.36
794906
471039
350393
203304
47604.1
0
8695.62
796909
472480
352096
204273
47870.7
0
8596.62
791994
469086
348298
202101
47344.4
0
8738.1
798876
473895
353769
205225
48132.5
0
8660.07
795263
471295
350696
203477
47651.6
0
8428.37
782430
462966
342202
198580
46756
0
8518.58
787558
466247
345470
200468
47071.5
0
8550.35
789364
467403
346621
201133
47182.6
0
8705.78
797379
472818
352496
204501
47933.3
0
8657.41
795140
471207
350592
203417
47635.2
0
8491.21
786002
465252
344479
199895
46975.8
0
8588.77
791548
468800
348013
201937
47316.9
0
8612.58
792901
469666
348876
202435
47400.2
0
8698.44
797040
472574
352207
204336
47888.1
0
8762.2
799991
474698
354717
205765
48281
0
8608.83
792688
469530
348740
202357
47387.1
0
8640.06
794337
470629
349909
203028
47528.3
0
8737.3
798838
473868
353737
205207
48127.6
0
8565.33
790216
467948
347164
201447
47235
0
8443.92
783314
463532
342765
198906
46810.4
0
8659.23
795224
471267
350664
203458
47646.4
0
8687.12
796515
472197
351762
204083
47818.3
0
8730.44
798521
473640
353467
205053
48085.3
0
8561.27
789985
467800
347017
201362
47220.8
0
8509.53
787044
465918
345143
200279
47039.9
0
8717.45
797920
473207
352956
204762
48005.3
0
8707.96
797480
472891
352582
204550
47946.8
0
8721.13
798090
473329
353100
204845
48027.9
0
8650.68
794828
470983
350327
203266
47593.7
0
8816.62
802511
476511
356860
206984
48616.5
0
8832.39
803241
477036
357481
207338
48713.7
0
8727.79
798398
473551
353363
204994
48069
0
8554.35
789592
467548
346766
201217
47196.6
0
8670.09
795727
471629
351091
203701
47713.4
0
8782.24
800919
475365
355506
206214
48404.5
0
8551.09
789406
467430
346648
201149
47185.2
0
8651.38
794861
471006
350355
203282
47598.1
0
8560.1
789918
467757
346974
201337
47216.7
0
8800.4
801760
475970
356221
206621
48516.5
0
8444.58
783352
463556
342790
198920
46812.7
0
8574.68
790747
468288
347503
201642
47267.6
0
8740.92
799006
473989
353880
205288
48149.9
0
8687.83
796548
472220
351790
204099
47822.7
0
8597.62
792051
469122
348334
202122
47347.9
0
8645.71
794599
470817
350131
203155
47563.1
0
8565.7
790237
467961
347177
201454
47236.3
0
8621.41
793403
469987
349195
202620
47431.1
0
8584.81
791323
468656
347870
201854
47303.1
0
8606.38
792549
469440
348651
202306
47378.5
0
8609.13
792705
469541
348751
202363
47388.1
0
8585.36
791354
468676
347889
201866
47305
0
8478.8
785297
464800
344029
199636
46932.4
0
8729.26
798467
473600
353421
205027
48078.1
0
8731.09
798551
473661
353492
205068
48089.3
0
8552.17
789468
467469
346687
201171
47189
0
8577.89
790929
468404
347619
201709
47278.9
0
8715.13
797812
473130
352864
204710
47991
0
8756.73
799738
474516
354502
205642
48247.4
0
8735.25
798744
473800
353657
205161
48115
0
8701
797158
472659
352308
204394
47903.9
0
8730.85
798540
473653
353483
205063
48087.9
0
8603.81
792403
469347
348558
202252
47369.5
0
8768.01
800260
474891
354946
205895
48316.9
0
8682.5
796302
472043
351580
203979
47789.9
0
8609.37
792719
469549
348759
202368
47389
0
8658.83
795206
471254
350648
203449
47644
0
8580.46
791075
468498
347712
201763
47287.9
0
8655.45
795049
471142
350515
203373
47623.1
0
8472.23
784924
464561
343791
199498
46909.4
0
8604.39
792436
469368
348579
202264
47371.5
0
8713.87
797754
473088
352815
204682
47983.2
0
8568.76
790410
468072
347288
201518
47246.9
0
8736.49
798801
473841
353705
205189
48122.6
0
8520.99
787695
466335
345558
200519
47079.9
0
8876.89
805301
478518
359233
208335
48987.9
0
8523.58
787843
466429
345651
200573
47089
0
8623.04
793496
470046
349254
202654
47436.8
0
8558.34
789819
467693
346911
201300
47210.5
0
8597.41
792039
469114
348326
202118
47347.2
0
8257.05
772692
456735
335996
194995
46157
0
8728.51
798432
473575
353391
205010
48073.4
0
8642.44
794447
470708
350003
203082
47543
0
8578.96
790990
468443
347658
201732
47282.6
0
8660.47
795282
471309
350712
203485
47654.1
0
8435.53
782838
463227
342462
198730
46781.1
0
8472.91
784962
464586
343816
199512
46911.8
0
8502.31
786634
465656
344881
200128
47014.6
0
8625.66
793645
470142
349349
202709
47445.9
0
8605.79
792516
469419
348630
202293
47376.5
0
8828.19
803047
476896
357316
207244
48687.8
