0
8675.27
799362
473362
351489
203978
47738.8
0
8620.98
792449
469496
349075
202437
47428.4
0
8676.71
799532
473458
351551
204016
47747.5
0
8705.25
802905
475351
352792
204752
47919.5
0
8704.05
802763
475272
352740
204721
47912.3
0
8627.68
793711
470190
349417
202742
47452.9
0
8670.81
798834
473066
351295
203863
47711.9
0
8621.86
792615
469587
349120
202477
47431.6
0
8648.47
796194
471584
350324
203286
47577.3
0
8608.26
790052
468176
348426
201857
47381.9
0
8606.57
789734
468001
348339
201780
47375.7
0
8774.51
811091
479947
355803
206541
48336.9
0
8624.22
793059
469831
349240
202584
47440.3
0
8611.3
790625
468492
348581
201995
47393
0
8750.64
808269
478363
354765
205924
48193
0
8628
793770
470223
349433
202757
47454.1
0
8631.72
794214
470472
349596
202854
47476.4
0
8664.2
798053
472627
351007
203692
47672.1
0
8622.85
792801
469690
349171
202522
47435.3
0
8651.99
796610
471817
350477
203377
47598.5
0
8617.82
791854
469168
348914
202293
47416.9
0
8625.21
793245
469934
349291
202629
47443.9
0
8691.75
801309
474455
352205
204404
47838.1
0
8624.94
793195
469906
349277
202617
47442.9
0
8740.97
807127
477722
354345
205675
48134.8
0
8607.01
789816
468047
348362
201800
47377.3
0
8609.29
790247
468283
348478
201904
47385.6
0
8609.03
790197
468256
348465
201892
47384.7
0
8591.02
786805
466389
347546
201071
47318.8
0
8613.29
791000
468698
348682
202086
47400.3
0
8622.89
792808
469694
349173
202524
47435.4
0
8610.96
790561
468456
348563
201980
47391.7
0
8682.28
800190
473827
351794
204159
47781.1
0
8587.26
786097
465999
347354
200899
47305.1
0
8584.27
785535
465690
347201
200763
47294.1
0
8660.42
797606
472377
350843
203595
47649.3
0
8625.81
793359
469997
349322
202657
47446.1
0
8601.61
788801
467488
348086
201554
47357.6
0
8698.64
802124
474913
352505
204582
47879.7
0
8587.32
786109
466006
347357
200902
47305.3
0
8619.56
792180
469348
349002
202372
47423.2
0
8655.22
796992
472032
350617
203461
47618
0
8669.06
798628
472950
351219
203818
47701.4
0
8596.77
787887
466985
347839
201333
47339.8
0
8664.38
798074
472639
351015
203697
47673.2
0
8606.58
789736
468003
348340
201780
47375.7
0
8643.18
795569
471233
350094
203150
47545.5
0
8605.58
789547
467899
348289
201734
47372.1
0
8617.3
791756
469114
348887
202269
47415
0
8734.73
806390
477308
354074
205514
48097.2
0
8610.89
790548
468450
348560
201977
47391.5
0
8710
803466
475667
352998
204875
47948.1
0
8531.99
775687
460269
344532
198379
47102.9
0
8637.2
794863
470836
349834
202996
47509.4
0
8661.65
797751
472458
350896
203627
47656.7
0
8677.11
799579
473484
351569
204026
47749.9
0
8590.5
786707
466335
347519
201047
47316.9
0
8614.12
791157
468784
348725
202124
47403.3
0
8621.52
792550
469551
349103
202461
47430.4
0
8607.7
789946
468118
348397
201831
47379.8
0
8613.47
791034
468717
348692
202094
47400.9
0
8671.46
798911
473109
351323
203880
47715.9
0
8716.24
804204
476081
353270
205036
47985.7
0
8588.45
786321
466123
347414
200954
47309.4
0
8607.98
789999
468147
348411
201844
47380.8
0
8620.83
792420
469480
349067
202430
47427.9
0
8675.35
799371
473367
351492
203980
47739.3
0
8803.09
814469
481844
357045
207278
48509.1
0
8670.92
798847
473073
351300
203866
47712.6
0
8625.36
793273
469950
349299
202636
47444.4
0
8686.1
800641
474080
351959
204258
47804.1
0
8617.49
791791
469133
348897
202277
47415.6
0
8615.66
791446
468944
348803
202194
47408.9
0
8636.22
794746
470771
349791
202970
47503.5
0
8708.6
803300
475573
352937
204839
47939.6
0
8607.58
789924
468106
348391
201826
47379.4
0
8665.87
798251
472738
351080
203736
47682.2
0
8715.16
804076
476009
353223
205008
47979.2
0
8664.88
798134
472673
351037
203710
47676.2
0
8635.11
794615
470697
349743
202942
47496.8
0
8633.1
794377
470564
349655
202889
47484.7
0
8833.46
818058
483859
358365
208062
48692.1
0
8703.45
802692
475232
352714
204706
47908.6
0
8807.56
814997
482140
357240
207394
48536
0
8625.21
793246
469934
349291
202630
47443.9
0
8680.51
799981
473710
351717
204114
47770.4
0
8660.66
797635
472393
350854
203601
47650.8
0
8698.78
802141
474922
352511
204585
47880.5
0
8621.8
792603
469580
349117
202474
47431.4
0
8766.27
810117
479400
355445
206328
48287.2
0
8664.69
798111
472660
351029
203705
47675.1
0
8613.57
791053
468728
348697
202099
47401.3
0
8770.47
810613
479679
355627
206436
48312.5
0
8593.33
787240
466629
347663
201176
47327.3
0
8722.99
805001
476528
353563
205210
48026.4
0
8744.24
807513
477939
354487
205759
48154.4
0
8716.06
804182
476069
353262
205031
47984.6
0
8652.08
796621
471823
350481
203380
47599.1
0
8658.22
797347
472231
350748
203538
47636.1
0
8606.41
789704
467985
348331
201772
47375.1
0
8647.48
796076
471518
350280
203261
47571.3
0
8622.46
792727
469649
349151
202504
47433.8
0
8710.14
803482
475676
353004
204879
47948.9
0
8614.95
791313
468870
348767
202162
47406.4
0
8782.32
812014
480465
356142
206742
48383.9
0
8678.47
799740
473574
351628
204061
47758.1
0
8664.35
798071
472638
351014
203696
47673
0
8721.12
804781
476405
353482
205162
48015.1
0
8705.23
802902
475350
352791
204752
47919.3
0
8620.3
792321
469425
349041
202406
47425.9
0
8639.81
795170
471009
349947
203063
47525.1
0
8789.26
812834
480926
356444
206921
48425.7
0
8608.58
790113
468210
348442
201871
47383.1
0
8691.73
801307
474454
352204
204403
47838
0
8583.65
785416
465624
347169
200734
47291.8
0
8626.47
793482
470064
349355
202687
47448.5
0
8590.69
786743
466355
347529
201055
47317.6
0
8714.78
804031
475984
353206
204998
47976.9
0
8608.41
790080
468192
348433
201863
47382.4
0
8606.8
789778
468026
348351
201790
47376.6
0
8609.6
790306
468316
348494
201918
47386.8
0
8665.31
798184
472701
351056
203721
47678.8
0
8749.32
808114
478276
354708
205890
48185.1
0
8690.01
801103
474340
352129
204359
47827.6
0
8675.15
799347
473354
351484
203975
47738.1
0
8624.37
793087
469847
349248
202591
47440.8
0
8590.18
786647
466302
347503
201032
47315.7
0
8748.14
807974
478198
354657
205860
48178
0
8613.12
790967
468680
348674
202078
47399.7
0
8621.23
792496
469522
349088
202448
47429.3
0
8627.37
793651
470158
349401
202728
47451.8
0
8800.59
814173
481678
356937
207214
48494
0
8648.21
796163
471566
350312
203280
47575.7
0
8637.41
794887
470850
349843
203001
47510.7
0
8770.75
810646
479698
355639
206443
48314.2
0
8675.44
799382
473373
351496
203983
47739.8
0
8589.29
786479
466210
347457
200992
47312.5
0
8610.69
790510
468429
348550
201968
47390.8
0
8614.07
791148
468779
348722
202122
47403.2
0
8769.95
810552
479645
355605
206423
48309.4
0
8670.33
798778
473034
351274
203851
47709.1
0
8713.18
803842
475878
353137
204957
47967.3
0
8621.69
792581
469569
349111
202469
47431
0
8599.99
788494
467319
348003
201479
47351.6
0
8715.26
804088
476015
353227
205011
47979.8
0
8616.08
791525
468987
348825
202213
47410.5
0
8713.92
803930
475927
353169
204976
47971.7
0
8630.2
794035
470372
349530
202815
47467.2
0
8608.91
790175
468244
348459
201886
47384.3
0
8615.02
791326
468878
348771
202165
47406.6
0
8647.17
796040
471497
350267
203253
47569.5
0
8733.48
806242
477225
354019
205481
48089.6
0
8638.36
794999
470913
349884
203025
47516.4
0
8621.25
792499
469523
349089
202449
47429.4
0
8669.63
798695
472988
351243
203833
47704.8
0
8594.83
787522
466784
347740
201244
47332.7
0
8649.8
796351
471672
350382
203321
47585.3
0
8613.51
791042
468721
348694
202096
47401.1
0
8638.9
795063
470949
349908
203039
47519.7
0
8653.3
796765
471904
350534
203411
47606.4
0
8627.26
793631
470146
349396
202723
47451.4
0
8705.07
802884
475340
352784
204748
47918.4
0
8624.79
793167
469891
349270
202611
47442.4
0
8610.23
790424
468381
348526
201947
47389.1
0
8636.45
794773
470786
349801
202976
47504.9
0
8605.85
789598
467926
348302
201747
47373.1
0
8635.64
794678
470733
349766
202955
47500
0
8790.52
812983
481010
356499
206954
48433.3
0
8616.09
791528
468989
348826
202214
47410.5
0
8630.19
794034
470371
349529
202814
47467.2
0
8593.74
787318
466672
347685
201195
47328.8
0
8729.49
805770
476960
353846
205378
48065.6
0
8599.68
788437
467287
347988
201466
47350.5
0
8622.57
792747
469660
349156
202509
47434.2
0
8793.84
813375
481230
356643
207040
48453.3
0
8693.59
801527
474578
352285
204451
47849.2
0
8625.7
793338
469985
349316
202652
47445.7
0
8611.14
790595
468475
348573
201988
47392.4
0
8698.73
802135
474919
352509
204584
47880.2
0
8660.58
797625
472387
350850
203599
47650.3
0
8672.42
799025
473173
351365
203905
47721.7
0
8568.54
782571
464058
346398
200046
47236.6
0
8685.87
800615
474066
351950
204252
47802.7
0
8745.91
807710
478049
354560
205802
48164.5
0
8616.26
791560
469007
348834
202222
47411.2
0
8694.28
801609
474624
352315
204469
47853.4
0
8590.73
786750
466359
347531
201057
47317.7
0
8577.68
784293
465006
346865
200463
47270
0
8685.92
800620
474069
351952
204253
47803
0
8627.77
793727
470199
349421
202746
47453.2
0
8627.09
793599
470129
349387
202715
47450.8
0
8640.66
795271
471066
349984
203085
47530.3
0
8590.71
786747
466357
347530
201057
47317.7
0
8668.63
798576
472921
351200
203807
47698.8
0
8653.41
796777
471911
350538
203414
47607.1
0
8648.42
796188
471580
350322
203285
47577
0
8723.54
805066
476565
353587
205225
48029.7
0
8636.76
794810
470807
349815
202984
47506.8
0
8610.21
790421
468379
348525
201946
47389
0
8723.56
805069
476567
353588
205225
48029.8
0
8624.3
793074
469840
349245
202588
47440.6
0
8615.76
791466
468955
348809
202199
47409.3
0
8624.58
793127
469869
349259
202601
47441.6
0
8617.41
791775
469125
348893
202274
47415.3
0
8612.4
790832
468605
348637
202045
47397
0
8637.23
794865
470838
349835
202996
47509.6
0
8617.86
791861
469172
348916
202295
47417
0
8628.4
793822
470252
349451
202768
47456.4
0
8655.34
797006
472040
350622
203464
47618.7
0
8685.05
800517
474011
351914
204231
47797.7
0
8594.66
787490
466766
347731
201236
47332.1
0
8615.55
791425
468932
348798
202189
47408.5
0
8624.84
793177
469896
349272
202613
47442.6
0
8635.75
794691
470740
349771
202958
47500.7
0
8646.76
795992
471470
350250
203242
47567
0
8671.64
798933
473121
351331
203885
47717
0
8592.08
787004
466498
347599
201119
47322.7
0
8612.6
790869
468626
348647
202054
47397.7
0
8686.79
800724
474127
351990
204276
47808.3
0
8615.93
791497
468972
348817
202206
47409.9
0
8681.79
800132
473795
351772
204147
47778.1
0
8627.65
793705
470187
349415
202741
47452.8
0
8579.09
784558
465152
346937
200527
47275.2
0
8607.39
789889
468086
348381
201817
47378.7
0
8637.37
794883
470847
349841
203000
47510.5
0
8732.86
806169
477184
353992
205465
48085.9
0
8748.38
808002
478213
354667
205866
48179.4
0
8658.1
797333
472223
350743
203535
47635.4
0
8672.85
799076
473202
351384
203916
47724.3
0
8645.9
795891
471413
350212
203220
47561.9
0
8623.83
792986
469791
349221
202567
47438.9
0
8667.08
798393
472818
351133
203767
47689.4
0
8618.47
791976
469235
348947
202322
47419.2
0
8665.07
798156
472685
351045
203715
47677.3
0
8635.93
794712
470752
349779
202963
47501.8
0
8550.81
779230
462219
345492
199237
47171.7
0
8616.1
791529
468990
348826
202214
47410.6
0
8662.54
797857
472518
350936
203650
47662.1
0
8595.54
787657
466858
347776
201277
47335.3
0
8620.15
792292
469409
349033
202399
47425.4
0
8630.21
794035
470372
349530
202815
47467.3
0
8656.81
797179
472137
350686
203502
47627.6
0
8628.72
793859
470273
349465
202776
47458.3
0
8612.43
790838
468609
348638
202047
47397.1
0
8609.47
790280
468302
348487
201912
47386.3
0
8619.41
792153
469333
348995
202365
47422.7
0
8723.9
805109
476589
353603
205234
48031.9
0
8662.53
797856
472517
350935
203649
47662
0
8622.84
792798
469688
349170
202521
47435.2
0
8608.96
790185
468249
348462
201889
47384.5
0
8623.26
792879
469732
349192
202541
47436.8
0
8684.96
800507
474005
351910
204229
47797.2
0
8603.62
789179
467696
348189
201645
47364.9
0
8687.64
800824
474183
352027
204298
47813.4
0
8612.69
790887
468636
348652
202059
47398.1
0
8638.08
794966
470894
349872
203018
47514.7
0
8795.29
813547
481326
356706
207077
48462.1
0
8585.4
785747
465806
347259
200814
47298.2
0
8644.47
795721
471318
350150
203183
47553.2
0
8668.04
798507
472882
351175
203792
47695.3
0
8617.03
791704
469086
348873
202256
47414
0
8595.45
787640
466848
347772
201273
47335
0
8623.92
793002
469800
349225
202571
47439.2
0
8626.84
793552
470103
349374
202704
47449.9
0
8606.48
789717
467992
348335
201776
47375.4
0
8623.51
792926
469758
349204
202552
47437.7
0
8698.47
802103
474901
352497
204577
47878.6
0
8595.22
787596
466824
347760
201262
47334.2
0
8565.37
781973
463729
346236
199901
47225
0
8625.1
793225
469923
349286
202625
47443.5
0
8733.18
806205
477204
354006
205473
48087.8
0
8648.07
796146
471557
350306
203276
47574.9
0
8667.09
798395
472820
351133
203767
47689.6
0
8682.27
800188
473826
351793
204159
47781
0
8765.22
809993
479331
355399
206301
48280.9
0
8608.49
790095
468200
348437
201867
47382.7
0
8701.62
802476
475110
352634
204659
47897.6
0
8626.41
793472
470059
349352
202684
47448.3
0
8603.39
789135
467672
348177
201635
47364.1
0
8755.97
808899
478717
354997
206062
48225.1
0
8717.53
804356
476166
353326
205069
47993.5
0
8589.34
786489
466215
347460
200994
47312.7
0
8613.41
791022
468710
348688
202091
47400.7
0
8724.24
805149
476611
353617
205243
48033.9
0
8583.58
785403
465617
347166
200731
47291.6
0
8747.16
807858
478132
354614
205834
48172
0
8644.98
795781
471352
350172
203196
47556.3
0
8653.32
796767
471905
350534
203412
47606.5
0
8789.04
812808
480911
356434
206916
48424.4
0
8647.8
796115
471539
350295
203269
47573.3
0
8670.01
798740
473013
351260
203843
47707.2
0
8656.39
797130
472109
350668
203491
47625
0
8584.65
785605
465728
347220
200780
47295.5
0
8610.61
790496
468420
348546
201964
47390.5
0
8661.31
797711
472436
350882
203618
47654.7
0
8644.73
795752
471336
350161
203190
47554.8
0
8675.98
799445
473409
351519
203997
47743.1
0
8594.7
787499
466771
347734
201239
47332.3
0
8614.08
791149
468780
348723
202122
47403.2
0
8641.41
795360
471115
350017
203104
47534.8
0
8674.26
799243
473295
351445
203952
47732.8
0
8614.83
791289
468857
348761
202156
47405.9
0
8662.31
797830
472502
350925
203644
47660.7
0
8638.34
794997
470912
349883
203025
47516.3
0
8640.58
795261
471060
349981
203083
47529.8
0
8601.7
788817
467496
348091
201558
47357.9
0
8682.95
800269
473871
351822
204177
47785.1
0
8623.89
792997
469797
349224
202570
47439.1
0
8740.57
807080
477695
354328
205664
48132.3
0
8554.14
779858
462565
345663
199389
47183.9
0
8539.56
777112
461053
344918
198724
47130.5
0
8724.52
805182
476630
353630
205250
48035.6
0
8686.75
800718
474124
351988
204275
47808
0
8681.63
800114
473784
351765
204143
47777.2
0
8615.53
791423
468931
348797
202188
47408.5
0
8600.8
788647
467403
348045
201516
47354.6
0
8650.04
796379
471688
350392
203327
47586.8
0
8625.46
793293
469960
349304
202641
47444.8
0
8699.5
802225
474970
352542
204604
47884.8
0
8611.87
790732
468551
348610
202021
47395.1
0
8753.47
808604
478551
354888
205997
48210
0
8626.77
793540
470096
349371
202701
47449.6
0
8684.22
800420
473956
351878
204209
47792.8
0
8609.18
790226
468272
348473
201899
47385.3
0
8638.4
795003
470915
349886
203026
47516.6
0
8682.44
800209
473838
351800
204163
47782
0
8774.59
811100
479952
355806
206542
48337.3
0
8744.26
807515
477940
354488
205759
48154.6
0
8699.89
802271
474996
352559
204614
47887.2
0
8716.19
804198
476077
353268
205035
47985.4
0
8621.27
792503
469525
349090
202450
47429.5
0
8646.45
795955
471450
350236
203234
47565.1
0
8616.28
791564
469008
348835
202223
47411.2
0
8579.4
784617
465184
346952
200541
47276.3
0
8618.35
791953
469223
348941
202317
47418.8
0
8756.72
808989
478767
355030
206081
48229.7
0
8722.6
804956
476503
353546
205200
48024
0
8639.32
795113
470977
349926
203050
47522.2
0
8657.1
797214
472156
350699
203509
47629.3
0
8623.85
792990
469793
349222
202568
47438.9
0
8592.17
787022
466509
347604
201123
47323
0
8593.65
787301
466662
347680
201191
47328.4
0
8667.69
798466
472859
351159
203783
47693.2
0
8685.32
800549
474029
351925
204238
47799.4
0
8605.72
789574
467913
348296
201741
47372.6
0
8647.18
796041
471498
350268
203253
47569.6
0
8778.53
811566
480214
355978
206644
48361.1
0
8602.35
788940
467564
348124
201587
47360.3
0
8608.26
790052
468176
348425
201857
47381.9
0
8667.17
798404
472824
351137
203769
47690
0
8569.68
782786
464177
346456
200098
47240.7
0
8661.89
797780
472474
350907
203633
47658.2
0
8586.49
785951
465919
347314
200864
47302.2
0
8617.88
791865
469174
348917
202295
47417.1
0
8623.53
792929
469760
349205
202553
47437.8
0
8607.36
789882
468083
348379
201816
47378.6
0
8622.47
792730
469650
349151
202505
47433.9
0
8612.2
790794
468585
348627
202036
47396.3
0
8619.62
792192
469354
349006
202375
47423.4
0
8582.11
785127
465465
347091
200665
47286.2
0
8659.19
797461
472295
350790
203563
47641.9
0
8581.61
785032
465413
347065
200641
47284.4
0
8680.17
799941
473687
351702
204105
47768.3
0
8604.41
789328
467778
348229
201681
47367.8
0
8691.96
801334
474470
352214
204409
47839.4
0
8632.27
794279
470509
349619
202868
47479.7
0
8692.69
801421
474518
352246
204428
47843.8
0
8627.7
793713
470192
349418
202743
47453
0
8597.2
787969
467030
347861
201352
47341.4
0
8695.46
801748
474702
352367
204500
47860.5
0
8682.21
800182
473823
351791
204158
47780.7
0
8622.7
792773
469674
349163
202515
47434.7
0
8624.06
793028
469814
349232
202577
47439.7
0
8746.31
807758
478076
354577
205813
48166.9
0
8596.47
787831
466954
347824
201319
47338.7
0
8678.02
799686
473544
351608
204049
47755.4
0
8541.68
777510
461273
345026
198821
47138.3
0
8585.97
785854
465865
347288
200840
47300.3
0
8619.96
792256
469389
349023
202390
47424.7
0
8681.42
800089
473770
351756
204137
47775.9
0
8674.92
799320
473339
351473
203969
47736.7
0
8618.71
792021
469260
348959
202333
47420.1
0
8616.5
791604
469031
348846
202232
47412
0
8606.49
789719
467993
348335
201776
47375.4
0
8598.47
788209
467162
347926
201410
47346.1
0
8655.57
797033
472055
350632
203470
47620.1
0
8631.02
794131
470426
349565
202836
47472.2
0
8592.24
787036
466516
347608
201126
47323.3
0
8685.6
800582
474047
351938
204245
47801.1
0
8632.74
794334
470540
349640
202880
47482.5
0
8622.46
792728
469649
349151
202504
47433.8
0
8612.58
790865
468624
348646
202054
47397.7
0
8589.56
786530
466237
347471
201004
47313.5
0
8600.23
788539
467344
348016
201490
47352.5
0
8661.56
797741
472452
350893
203624
47656.2
0
8665.49
798205
472713
351063
203726
47679.9
0
8592
786989
466490
347595
201115
47322.4
0
8602.92
789048
467623
348153
201613
47362.4
0
8641.22
795338
471103
350009
203099
47533.7
0
8605.83
789595
467924
348302
201746
47373
0
8739.64
806970
477634
354287
205640
48126.7
0
8709.4
803395
475627
352972
204859
47944.5
0
8614.31
791191
468803
348734
202132
47404
0
8629.45
793946
470321
349497
202795
47462.7
0
8588.44
786318
466121
347414
200953
47309.4
0
8592.43
787070
466535
347617
201135
47324
0
8605.32
789498
467871
348275
201723
47371.1
0
8640.2
795216
471035
349964
203073
47527.5
0
8619.8
792227
469374
349015
202383
47424.1
0
8637.79
794931
470875
349859
203011
47513
0
8574.58
783709
464685
346706
200321
47258.7
0
8688.52
800928
474242
352065
204321
47818.7
0
8686.41
800678
474101
351973
204266
47806
0
8696.63
801886
474779
352417
204530
47867.5
0
8644.06
795673
471291
350132
203173
47550.8
0
8633.97
794480
470622
349693
202912
47490
0
8653.93
796840
471946
350561
203427
47610.2
0
8744.28
807517
477941
354489
205760
48154.7
0
8627.85
793742
470208
349426
202750
47453.5
0
8625.7
793338
469985
349316
202652
47445.7
0
8722.42
804935
476491
353539
205196
48023
0
8588.57
786343
466134
347420
200959
47309.8
0
8590.95
786793
466382
347542
201068
47318.6
0
8743.28
807400
477875
354445
205734
48148.7
0
8644.34
795706
471309
350144
203180
47552.4
0
8608.56
790109
468208
348441
201870
47383
0
8677.79
799659
473529
351598
204043
47754
0
8612.63
790876
468630
348649
202056
47397.9
0
8557.06
780408
462867
345812
199522
47194.6
0
8716.87
804279
476123
353297
205052
47989.5
0
8584.45
785567
465708
347210
200771
47294.8
0
8630.95
794124
470421
349562
202834
47471.8
0
8579.8
784691
465225
346973
200559
47277.8
0
8685.96
800624
474071
351953
204254
47803.2
0
8586.72
785995
465943
347326
200874
47303.1
0
8610.87
790544
468447
348559
201976
47391.4
0
8619.87
792240
469381
349018
202386
47424.4
0
8569.35
782724
464142
346439
200083
47239.5
0
8636.25
794749
470773
349792
202971
47503.7
0
8644.91
795773
471347
350169
203194
47555.9
0
8701.44
802455
475099
352626
204654
47896.5
0
8797
813749
481439
356780
207121
48472.4
0
8680.66
799999
473720
351723
204117
47771.3
0
8607.11
789835
468057
348367
201804
47377.7
0
8603.02
789065
467633
348158
201618
47362.7
0
8686.38
800675
474099
351972
204265
47805.8
0
8681.66
800116
473786
351766
204143
47777.3
0
8707.52
803173
475502
352891
204811
47933.2
0
8596.89
787911
466998
347845
201338
47340.3
0
8742.34
807289
477813
354404
205710
48143
0
8626.04
793403
470021
349334
202668
47446.9
0
8635.53
794665
470725
349761
202952
47499.4
0
8723.24
805031
476545
353574
205217
48027.9
0
8606.88
789793
468034
348355
201794
47376.8
0
8624.3
793074
469840
349244
202588
47440.6
0
8590.26
786663
466311
347507
201036
47316
0
8623.05
792839
469710
349181
202531
47436
0
8745.72
807688
478037
354551
205797
48163.4
0
8607.84
789973
468133
348404
201837
47380.3
0
8762.97
809727
479182
355301
206243
48267.3
0
8621.71
792586
469571
349112
202470
47431.1
0
8703.36
802682
475226
352710
204704
47908.1
0
8608.18
790037
468168
348422
201853
47381.6
0
8719.06
804537
476268
353392
205109
48002.7
0
8657.28
797235
472168
350707
203514
47630.4
0
8614.65
791256
468839
348752
202148
47405.2
0
8689.83
801083
474328
352122
204354
47826.6
0
8570.92
783018
464305
346519
200154
47245.3
0
8568.64
782589
464068
346403
200050
47236.9
0
8625.07
793219
469919
349284
202623
47443.4
0
8711.12
803598
475741
353047
204904
47954.8
0
8585.18
785705
465783
347247
200804
47297.4
0
8604.4
789325
467776
348229
201681
47367.8
0
8673.48
799150
473243
351411
203932
47728
0
8603.79
789210
467713
348197
201653
47365.5
0
8612.24
790803
468589
348629
202038
47396.4
0
8678.24
799712
473559
351618
204055
47756.7
0
8614.93
791309
468868
348766
202161
47406.3
0
8709.53
803411
475635
352978
204863
47945.3
0
8621.11
792473
469509
349082
202443
47428.9
0
8671.87
798960
473137
351341
203891
47718.3
0
8737.83
806755
477513
354208
205594
48115.8
0
8602.79
789022
467610
348146
201607
47361.9
0
8585.34
785736
465800
347256
200812
47298
0
8593.76
787321
466673
347685
201195
47328.8
0
8772.33
810833
479803
355708
206484
48323.7
0
8751.4
808360
478414
354798
205944
48197.6
0
8601.19
788720
467443
348065
201534
47356
0
8736.08
806549
477397
354132
205548
48105.3
0
8730.05
805836
476997
353870
205393
48068.9
0
8569.91
782829
464200
346468
200108
47241.6
0
8692.95
801451
474535
352257
204435
47845.4
0
8652.13
796627
471827
350483
203381
47599.4
0
8597.67
788057
467078
347885
201374
47343.1
0
8615.15
791351
468891
348778
202171
47407.1
0
8713.94
803932
475928
353170
204977
47971.9
0
8620.28
792316
469423
349039
202405
47425.9
0
8722.73
804971
476511
353552
205204
48024.8
0
8671.46
798911
473109
351323
203880
47715.9
0
8606.76
789770
468021
348349
201788
47376.4
0
8676.33
799487
473432
351535
204006
47745.2
0
8704.19
802780
475281
352746
204725
47913.1
0
8767.95
810315
479512
355518
206371
48297.3
0
8606.49
789720
467994
348336
201776
47375.4
0
8742.4
807295
477816
354407
205711
48143.3
0
8602.04
788882
467532
348108
201573
47359.1
0
8616.83
791667
469065
348863
202247
47413.2
0
8722.75
804973
476513
353553
205204
48024.9
0
8596.98
787927
467007
347850
201342
47340.6
0
8603.72
789197
467705
348194
201650
47365.3
0
8606.02
789630
467944
348311
201754
47373.7
0
8752.05
808436
478457
354826
205961
48201.5
0
8727.95
805587
476857
353779
205338
48056.2
0
8608.84
790162
468237
348455
201883
47384
0
8712.82
803800
475854
353121
204948
47965.1
0
8674.59
799282
473317
351459
203961
47734.8
0
8618.79
792036
469268
348963
202337
47420.4
0
8613.97
791128
468769
348717
202117
47402.8
0
8598.45
788204
467159
347925
201409
47346
0
8668.83
798600
472935
351209
203812
47700
0
8728.21
805618
476875
353790
205345
48057.8
0
8616.37
791581
469018
348840
202227
47411.6
0
8633
794366
470557
349651
202887
47484.1
0
8627.51
793678
470172
349408
202734
47452.3
0
8682.82
800254
473863
351817
204173
47784.3
0
8607.76
789959
468125
348400
201834
47380.1
0
8600.6
788609
467382
348035
201507
47353.9
0
8660.34
797597
472371
350840
203593
47648.9
0
8596.39
787818
466946
347820
201316
47338.5
0
8660.4
797604
472375
350842
203594
47649.2
0
8624.5
793112
469860
349255
202597
47441.3
0
8624.34
793081
469844
349246
202590
47440.7
0
8666.54
798329
472782
351109
203753
47686.2
0
8698.7
802131
474917
352507
204583
47880
0
8724.41
805170
476623
353625
205247
48035
0
8706.64
803069
475443
352852
204788
47927.8
0
8606.77
789771
468022
348349
201789
47376.4
0
8611.9
790739
468554
348612
202023
47395.2
0
8675.83
799428
473399
351513
203993
47742.2
0
8716.29
804210
476084
353272
205037
47986
0
8615.33
791384
468910
348787
202179
47407.7
0
8646.12
795916
471428
350221
203226
47563.1
0
8665.85
798249
472737
351079
203735
47682.1
0
8605.53
789538
467893
348286
201732
47371.9
0
8591.26
786850
466413
347558
201081
47319.7
0
8735.58
806490
477364
354111
205536
48102.3
0
8766.35
810126
479406
355448
206330
48287.7
0
8621.59
792564
469559
349106
202465
47430.7
0
8601.46
788772
467471
348078
201547
47357
0
8623.58
792938
469765
349208
202555
47437.9
0
8618.1
791905
469196
348928
202305
47417.9
0
8613.88
791112
468760
348713
202113
47402.5
0
8719.96
804643
476327
353431
205132
48008.1
0
8643.51
795608
471255
350108
203158
47547.5
0
8608.49
790096
468200
348437
201867
47382.7
0
8705.4
802922
475361
352798
204756
47920.4
0
8603.44
789144
467676
348179
201637
47364.2
0
8714.98
804055
475997
353215
205004
47978.1
0
8622.28
792694
469631
349142
202496
47433.2
0
8621.98
792638
469600
349126
202483
47432.1
0
8593.99
787364
466697
347697
201206
47329.7
0
8756.64
808978
478761
355026
206079
48229.1
0
8646.83
796000
471475
350252
203244
47567.4
0
8707.67
803191
475512
352897
204815
47934.1
0
8651.1
796505
471759
350438
203354
47593.2
0
8726.85
805457
476785
353731
205310
48049.6
0
8681.32
800077
473764
351752
204135
47775.3
0
8656.19
797107
472096
350659
203486
47623.9
0
8622.89
792809
469694
349173
202524
47435.4
0
8676.88
799552
473469
351559
204020
47748.5
0
8683.79
800369
473928
351859
204198
47790.2
0
8613.89
791113
468760
348713
202113
47402.5
0
8688.39
800912
474232
352059
204317
47817.9
0
8620.1
792284
469405
349030
202397
47425.2
0
8606.04
789634
467946
348312
201755
47373.8
0
8606.06
789638
467949
348313
201756
47373.8
0
8684.37
800437
473966
351884
204213
47793.6
0
8680.84
800020
473732
351731
204122
47772.4
0
8660.23
797584
472364
350835
203590
47648.2
0
8621.86
792615
469587
349120
202477
47431.6
0
8621.42
792531
469541
349097
202457
47430
0
8609.06
790203
468260
348467
201893
47384.8
0
8620.05
792273
469399
349027
202394
47425
0
8783.36
812137
480535
356188
206769
48390.2
0
8686.52
800691
474109
351978
204269
47806.6
0
8629
793892
470291
349477
202784
47460
0
8617.69
791828
469154
348907
202286
47416.4
0
8617.39
791773
469124
348892
202273
47415.3
0
8586.95
786039
465967
347338
200885
47303.9
0
8594.01
787368
466699
347698
201207
47329.7
0
8623.65
792951
469772
349211
202558
47438.2
0
8652.94
796722
471880
350518
203402
47604.3
0
8676.74
799535
473459
351553
204016
47747.7
0
8595.27
787606
466830
347763
201265
47334.4
0
8614.6
791247
468834
348750
202146
47405.1
0
8578.04
784359
465043
346883
200479
47271.3
0
8691.03
801225
474408
352174
204385
47833.8
0
8596.57
787851
466965
347829
201324
47339.1
0
8626.61
793509
470079
349362
202693
47449
0
8613.46
791031
468715
348691
202094
47400.9
0
8604.47
789339
467784
348232
201684
47368
0
8664.1
798041
472621
351003
203690
47671.5
0
8598.5
788214
467165
347927
201412
47346.2
0
8695.61
801765
474711
352373
204503
47861.4
0
8621.77
792598
469578
349116
202473
47431.3
0
8661.1
797687
472422
350873
203612
47653.4
0
8663.84
798011
472604
350992
203683
47670
0
8623.59
792941
469766
349208
202556
47438
0
8673.03
799096
473213
351391
203920
47725.3
0
8657.69
797284
472196
350725
203524
47632.9
0
8634.59
794554
470663
349720
202928
47493.7
0
8694.17
801595
474616
352310
204466
47852.7
0
8626.71
793528
470090
349368
202698
47449.4
0
8658.12
797335
472224
350743
203536
47635.5
0
8614.29
791188
468801
348733
202131
47403.9
0
8634.16
794502
470634
349701
202917
47491.1
0
8585.71
785805
465839
347275
200829
47299.4
0
8835.19
818262
483974
358441
208107
48702.5
0
8609.29
790246
468283
348478
201904
47385.6
0
8599.4
788384
467258
347973
201453
47349.5
0
8656.82
797181
472138
350687
203502
47627.7
0
8679.6
799873
473649
351677
204090
47764.9
0
8669.51
798680
472980
351238
203829
47704.1
0
8704.29
802792
475288
352750
204728
47913.7
0
8669.94
798732
473009
351257
203841
47706.7
0
8645.09
795795
471360
350177
203199
47557
0
8616.25
791557
469005
348833
202221
47411.1
0
8624.75
793158
469886
349267
202608
47442.2
0
8611.72
790703
468535
348602
202014
47394.5
0
8613.63
791065
468734
348700
202102
47401.5
0
8657.33
797241
472172
350709
203515
47630.7
0
8726.71
805441
476775
353725
205306
48048.8
0
8645.5
795843
471386
350194
203210
47559.4
0
8645.9
795890
471413
350212
203220
47561.8
0
8666.46
798320
472777
351106
203751
47685.7
0
8611.78
790716
468542
348605
202017
47394.8
0
8611.64
790689
468527
348598
202011
47394.2
0
8657.54
797266
472186
350718
203521
47632
0
8607.19
789852
468066
348371
201808
47378
0
8702.73
802607
475184
352683
204687
47904.3
0
8599.69
788438
467288
347988
201466
47350.5
0
8612.25
790805
468591
348630
202039
47396.5
0
8674.84
799311
473333
351470
203967
47736.2
0
8624.24
793062
469833
349241
202585
47440.3
0
8599.83
788465
467303
347995
201472
47351.1
0
8683.44
800328
473905
351844
204189
47788.1
0
8622.4
792715
469642
349147
202501
47433.6
0
8609.12
790214
468265
348469
201896
47385
0
8627.37
793652
470158
349401
202728
47451.8
0
8595.76
787698
466880
347787
201287
47336.1
0
8621.4
792527
469539
349096
202456
47429.9
0
8617.87
791864
469173
348916
202295
47417.1
0
8649.92
796365
471680
350387
203324
47586
0
8767.41
810252
479476
355494
206357
48294.1
0
8596.2
787780
466926
347810
201307
47337.7
0
8609.05
790202
468259
348466
201893
47384.8
0
8654.29
796882
471970
350577
203437
47612.4
0
8560.28
781015
463202
345976
199669
47206.3
0
8634.14
794500
470633
349701
202916
47491
0
8783.48
812151
480542
356193
206772
48390.9
0
8658.86
797422
472273
350775
203555
47639.9
0
8600.92
788670
467415
348051
201522
47355
0
8755.32
808823
478674
354969
206045
48221.2
0
8814.69
815840
482613
357549
207578
48579
0
8602.66
788998
467596
348140
201601
47361.4
0
8690.64
801179
474382
352157
204375
47831.5
0
8659.65
797515
472325
350810
203575
47644.7
0
8599.05
788317
467221
347955
201437
47348.2
0
8652.62
796685
471859
350504
203394
47602.3
0
8661.14
797691
472424
350874
203613
47653.7
0
8622.54
792742
469657
349155
202508
47434.1
0
8607.87
789979
468136
348406
201839
47380.5
0
8599.2
788345
467237
347963
201443
47348.7
0
8755.61
808857
478693
354981
206053
48222.9
0
8618.13
791911
469200
348929
202307
47418
0
8617.27
791750
469111
348886
202268
47414.9
0
8731.03
805952
477062
353913
205418
48074.9
0
8679.33
799842
473632
351665
204083
47763.3
0
8628.62
793848
470267
349461
202774
47457.7
0
8637.32
794876
470844
349839
202999
47510.1
0
8713.02
803823
475867
353130
204953
47966.3
0
8764.21
809874
479264
355355
206275
48274.8
0
8648.91
796246
471613
350343
203298
47580
0
8668.2
798526
472893
351181
203796
47696.2
0
8613.97
791129
468769
348717
202117
47402.8
0
8613.49
791037
468719
348693
202095
47401
0
8631.47
794185
470456
349585
202847
47474.9
0
8610.71
790514
468431
348551
201968
47390.8
0
8713.16
803840
475876
353136
204957
47967.2
0
8598.15
788148
467128
347910
201396
47344.9
0
8660.05
797562
472352
350827
203585
47647.1
0
8715.64
804133
476041
353244
205021
47982.1
0
8666.9
798372
472806
351125
203762
47688.4
0
8617.05
791709
469088
348875
202258
47414.1
0
8668.06
798509
472883
351175
203792
47695.4
0
8691.97
801335
474470
352215
204409
47839.5
0
8597.61
788046
467072
347882
201371
47342.9
0
8620.69
792393
469465
349060
202423
47427.3
0
8690.89
801208
474399
352168
204382
47833
0
8734.89
806408
477318
354081
205518
48098.1
0
8664.19
798052
472627
351007
203692
47672.1
0
8615.96
791503
468975
348819
202208
47410.1
0
8592.88
787156
466582
347641
201156
47325.6
0
8724.34
805162
476618
353622
205245
48034.5
0
8620.68
792391
469464
349060
202423
47427.3
0
8615.28
791375
468905
348784
202177
47407.6
0
8761.35
809535
479074
355231
206201
48257.5
0
8805.93
814804
482032
357169
207352
48526.2
0
8697.67
802009
474849
352463
204557
47873.8
0
8625.36
793274
469950
349299
202637
47444.4
0
8617.42
791778
469126
348893
202274
47415.4
0
8685.81
800608
474062
351947
204251
47802.4
0
8630.19
794034
470371
349529
202814
47467.2
0
8610.47
790469
468406
348539
201958
47390
0
8655.94
797077
472079
350648
203479
47622.3
0
8687.03
800752
474143
352000
204282
47809.7
0
8599.12
788331
467229
347959
201440
47348.4
0
8647.23
796047
471501
350270
203254
47569.8
0
8610.94
790557
468454
348562
201979
47391.7
0
8633.32
794404
470579
349665
202895
47486
0
8626.19
793430
470036
349341
202674
47447.5
0
8611.28
790621
468490
348580
201994
47392.9
0
8623.36
792897
469742
349196
202545
47437.1
0
8602.93
789049
467624
348154
201614
47362.4
0
8651.18
796514
471764
350442
203356
47593.7
0
8602.42
788952
467571
348127
201590
47360.5
0
8593.59
787289
466655
347677
201188
47328.2
0
8653.3
796765
471904
350534
203411
47606.5
0
8616.58
791620
469039
348851
202236
47412.3
0
8609.64
790312
468319
348496
201920
47386.9
0
8632.07
794255
470495
349611
202863
47478.5
0
8679.52
799863
473644
351673
204088
47764.4
0
8677.31
799602
473497
351577
204031
47751.1
0
8633.04
794371
470560
349653
202888
47484.4
0
8696.79
801905
474790
352424
204534
47868.5
0
8601.72
788820
467498
348092
201558
47357.9
0
8631.58
794197
470463
349589
202850
47475.5
0
8712.82
803800
475854
353121
204948
47965.1
0
8652.03
796614
471820
350478
203378
47598.8
0
8783.93
812204
480572
356212
206784
48393.6
0
8606.33
789689
467977
348327
201769
47374.8
0
8649.4
796304
471645
350364
203310
47582.9
0
8601.31
788743
467456
348071
201540
47356.5
0
8625.22
793247
469935
349291
202630
47443.9
0
8620.21
792304
469416
349036
202402
47425.6
0
8624.8
793169
469892
349270
202611
47442.4
0
8713.14
803837
475875
353135
204956
47967
0
8615.29
791378
468906
348785
202177
47407.6
0
8660
797556
472348
350825
203584
47646.8
0
8598.19
788155
467132
347911
201397
47345
0
8639.15
795092
470965
349918
203046
47521.1
0
8645.05
795789
471357
350175
203198
47556.7
0
8790.59
812991
481014
356502
206956
48433.7
0
8798.79
813961
481559
356858
207167
48483.2
0
8595.77
787699
466881
347788
201287
47336.2
0
8570.2
782883
464230
346483
200121
47242.6
0
8611.65
790690
468528
348598
202011
47394.3
0
8580.93
784905
465343
347030
200611
47281.9
0
8633.25
794395
470574
349662
202893
47485.6
0
8748.19
807980
478201
354659
205861
48178.3
0
8800.78
814196
481691
356945
207219
48495.2
0
8565.62
782020
463755
346249
199912
47225.9
0
8612.37
790827
468603
348636
202044
47396.9
0
8621.65
792576
469565
349109
202467
47430.9
0
8604.3
789307
467766
348224
201676
47367.4
0
8608.72
790139
468224
348449
201878
47383.6
0
8581.14
784944
465364
347041
200620
47282.7
0
8578.41
784430
465082
346902
200496
47272.7
0
8582.74
785246
465531
347123
200693
47288.5
0
8599.7
788439
467288
347988
201466
47350.5
0
8600.87
788661
467411
348049
201520
47354.9
0
8616.98
791695
469081
348871
202254
47413.8
0
8630.5
794071
470392
349543
202823
47469.1
0
8622.16
792670
469617
349135
202490
47432.7
0
8620.3
792320
469425
349040
202406
47425.9
0
8598.94
788297
467210
347950
201432
47347.8
0
8622.89
792808
469693
349172
202524
47435.4
0
8618.94
792065
469284
348971
202344
47421
0
8739.2
806917
477604
354268
205629
48124.1
0
8666.35
798307
472770
351101
203748
47685.1
0
8721.68
804847
476442
353506
205177
48018.5
0
8662.31
797830
472502
350925
203644
47660.7
0
8679
799802
473609
351651
204075
47761.3
0
8593.55
787282
466652
347675
201186
47328.1
0
8617.48
791789
469133
348896
202277
47415.6
0
8596.08
787758
466913
347804
201301
47337.3
0
8725.53
805302
476697
353674
205276
48041.7
0
8710.91
803573
475727
353038
204898
47953.6
0
8671.72
798942
473126
351334
203887
47717.4
0
8699.37
802210
474961
352537
204601
47884.1
0
8609.77
790338
468334
348503
201926
47387.4
0
8659.31
797475
472303
350795
203566
47642.6
0
8718.24
804441
476214
353357
205088
47997.8
0
8668.45
798556
472910
351192
203802
47697.7
0
8627.94
793759
470217
349430
202754
47453.9
0
8604.68
789379
467806
348243
201694
47368.8
0
8672.63
799050
473187
351374
203910
47722.9
0
8610.51
790476
468410
348540
201959
47390.1
0
8620.3
792321
469425
349040
202406
47425.9
0
8718.82
804509
476252
353382
205103
48001.3
0
8610.58
790490
468417
348544
201963
47390.4
0
8612
790756
468564
348616
202027
47395.5
0
8654.76
796938
472001
350597
203449
47615.2
0
8697.18
801952
474816
352441
204544
47870.9
0
8606.83
789783
468028
348353
201791
47376.6
0
8622.18
792674
469620
349136
202491
47432.8
0
8664.93
798139
472676
351039
203711
47676.5
0
8600.24
788543
467345
348016
201491
47352.6
0
8619.87
792239
469380
349018
202386
47424.3
0
8618.85
792047
469274
348966
202339
47420.6
0
8668.01
798504
472881
351173
203791
47695.1
0
8590.17
786645
466301
347502
201032
47315.7
0
8817.57
816180
482805
357675
207652
48596.3
0
8664.39
798076
472640
351016
203698
47673.3
0
8730.66
805908
477038
353897
205408
48072.6
0
8582.05
785115
465458
347087
200661
47286
0
8630.6
794082
470398
349547
202825
47469.6
0
8678.52
799745
473578
351630
204062
47758.4
0
8615.57
791429
468934
348799
202190
47408.6
0
8609.05
790202
468259
348466
201893
47384.8
0
8638.68
795037
470934
349898
203034
47518.3
0
8666.83
798364
472802
351122
203760
47688
0
8661.87
797778
472473
350906
203632
47658.1
0
8675.32
799368
473365
351491
203980
47739.1
0
8621.41
792530
469540
349097
202456
47430
0
8622.57
792748
469660
349156
202509
47434.2
0
8585.47
785760
465814
347262
200818
47298.5
0
8591.96
786982
466486
347593
201113
47322.2
0
8603.41
789138
467673
348178
201635
47364.1
0
8602.93
789049
467624
348154
201614
47362.4
0
8764.81
809944
479304
355381
206290
48278.4
0
8661.83
797773
472470
350904
203631
47657.8
0
8584.61
785598
465724
347218
200778
47295.4
0
8644.91
795773
471348
350169
203194
47555.9
0
8626.12
793417
470028
349337
202671
47447.2
0
8621.24
792498
469523
349089
202449
47429.4
0
8596.26
787792
466932
347813
201310
47338
0
8627.65
793705
470187
349416
202741
47452.8
0
8609.87
790356
468344
348508
201930
47387.8
0
8585.03
785678
465768
347240
200798
47296.9
0
8624.25
793064
469834
349242
202586
47440.4
0
8662.6
797864
472521
350938
203651
47662.5
0
8614.7
791265
468844
348754
202150
47405.4
0
8738.21
806800
477538
354225
205603
48118.1
0
8636.36
794763
470780
349797
202974
47504.4
0
8632.03
794251
470493
349609
202862
47478.3
0
8699.8
802261
474990
352555
204612
47886.7
0
8642.96
795543
471218
350084
203144
47544.1
0
8579.04
784549
465147
346934
200525
47275
0
8627.83
793738
470206
349425
202749
47453.5
0
8692
801339
474472
352216
204410
47839.6
0
8724.96
805235
476660
353649
205261
48038.3
0
8623.73
792966
469780
349215
202562
47438.5
0
8727.01
805477
476796
353738
205314
48050.6
0
8591.18
786836
466406
347554
201078
47319.4
0
8599.55
788412
467273
347981
201460
47350
0
8582.06
785118
465460
347088
200662
47286
0
8761.86
809595
479108
355253
206214
48260.6
0
8629.87
793995
470349
349515
202806
47465.2
0
8663.77
798002
472599
350989
203681
47669.5
0
8616.11
791530
468990
348826
202214
47410.6
0
8638.98
795072
470954
349911
203041
47520.1
0
8601.34
788748
467459
348072
201541
47356.6
0
8668.46
798557
472910
351193
203803
47697.8
0
8634.56
794550
470661
349719
202927
47493.5
0
8670.82
798836
473067
351295
203864
47712
0
8695.69
801775
474717
352376
204506
47861.9
0
8627.55
793685
470176
349410
202736
47452.4
0
8613.89
791113
468760
348713
202113
47402.5
0
8614.23
791178
468796
348731
202129
47403.7
0
8618.7
792018
469259
348958
202333
47420.1
0
8598.02
788123
467114
347903
201390
47344.4
0
8649.61
796329
471659
350373
203316
47584.2
0
8585.92
785844
465860
347285
200838
47300.2
0
8614.55
791238
468829
348747
202144
47404.9
0
8687.77
800839
474191
352032
204301
47814.1
0
8626.21
793434
470038
349342
202675
47447.6
0
8647.22
796047
471501
350270
203254
47569.8
0
8750.24
808222
478337
354748
205914
48190.6
0
8610.98
790564
468458
348564
201981
47391.8
0
8621.15
792480
469513
349083
202444
47429
0
8675.23
799357
473360
351487
203977
47738.6
0
8643.83
795646
471276
350122
203167
47549.4
0
8649.25
796286
471635
350358
203307
47582
0
8574.05
783608
464629
346679
200297
47256.7
0
8718
804412
476198
353346
205082
47996.3
0
8588.6
786349
466138
347422
200960
47309.9
0
8705.14
802892
475344
352787
204750
47918.8
0
8679.35
799844
473633
351666
204084
47763.4
0
8651.29
796528
471771
350446
203359
47594.3
0
8587.5
786142
466024
347366
200910
47305.9
0
8705.29
802910
475354
352794
204753
47919.7
0
8726.89
805462
476787
353733
205311
48049.9
0
8618.03
791892
469189
348924
202302
47417.6
0
8604.75
789391
467812
348246
201697
47369
0
8611.69
790699
468533
348601
202013
47394.4
0
8681.39
800085
473768
351755
204136
47775.7
0
8702.91
802628
475196
352690
204692
47905.4
0
8607.91
789987
468140
348408
201841
47380.6
0
8580.18
784762
465265
346992
200576
47279.1
0
8592.57
787097
466550
347625
201141
47324.5
0
8607.31
789873
468078
348377
201813
47378.4
0
8754.68
808747
478631
354941
206029
48217.3
0
8670.7
798822
473059
351290
203860
47711.3
0
8750.14
808210
478330
354743
205911
48190
0
8609.38
790264
468293
348483
201908
47386
0
8616.32
791571
469012
348837
202224
47411.4
0
8761.58
809563
479089
355241
206207
48258.9
0
8620.84
792423
469481
349068
202430
47427.9
0
8603.27
789113
467660
348171
201629
47363.6
0
8612.74
790897
468641
348654
202061
47398.3
0
8667.91
798492
472874
351169
203788
47694.5
0
8587.99
786234
466075
347391
200932
47307.7
0
8745.18
807624
478001
354528
205783
48160.1
0
8620.26
792314
469421
349038
202404
47425.8
0
8655.9
797072
472077
350647
203478
47622.1
0
8590.99
786800
466386
347544
201069
47318.7
0
8635.05
794608
470693
349740
202940
47496.5
0
8618.37
791958
469225
348942
202318
47418.9
0
8666.34
798306
472770
351101
203748
47685
0
8631.64
794205
470467
349592
202852
47475.9
0
8696.11
801825
474745
352395
204516
47864.4
0
8630.64
794087
470401
349549
202826
47469.9
0
8610.68
790508
468427
348549
201967
47390.7
0
8582.26
785154
465480
347098
200671
47286.7
0
8650.02
796377
471687
350391
203326
47586.7
0
8669.7
798703
472992
351247
203834
47705.3
0
8607.56
789920
468104
348390
201825
47379.3
0
8620.75
792406
469472
349063
202426
47427.6
0
8693.49
801514
474571
352281
204449
47848.6
0
8694.8
801670
474658
352338
204483
47856.5
0
8708.9
803336
475594
352951
204847
47941.5
0
8631.89
794235
470484
349603
202858
47477.4
0
8672.53
799037
473180
351369
203907
47722.3
0
8632.41
794296
470518
349626
202872
47480.6
0
8590.56
786719
466341
347522
201050
47317.1
0
8659.82
797536
472337
350817
203579
47645.7
0
8619.21
792115
469312
348985
202356
47421.9
0
8708.22
803256
475549
352921
204829
47937.4
0
8744.34
807525
477945
354491
205762
48155
0
8626.37
793463
470054
349350
202682
47448.1
0
8606.26
789675
467969
348323
201765
47374.6
0
8745.35
807644
478012
354535
205788
48161.1
0
8665.18
798169
472693
351050
203718
47678
0
8638.78
795048
470940
349902
203036
47518.9
0
8605.3
789494
467869
348274
201722
47371
0
8616.02
791514
468981
348822
202210
47410.3
0
8674.81
799307
473331
351469
203966
47736
0
8596.54
787844
466961
347827
201322
47339
0
8679.59
799873
473649
351677
204090
47764.9
0
8615.48
791412
468925
348794
202186
47408.3
0
8607.09
789833
468056
348366
201803
47377.6
0
8626.37
793465
470055
349350
202683
47448.2
0
8593.91
787350
466689
347693
201202
47329.4
0
8611.44
790651
468506
348588
202002
47393.5
0
8658.57
797387
472254
350763
203547
47638.2
0
8654.26
796878
471968
350575
203436
47612.2
0
8580.5
784824
465298
347008
200591
47280.3
0
8609.24
790236
468278
348476
201901
47385.5
0
8612.8
790907
468647
348657
202064
47398.5
0
8712.21
803727
475813
353095
204932
47961.4
0
8589.37
786495
466218
347461
200995
47312.8
0
8619.8
792227
469374
349015
202383
47424.1
0
8572.35
783287
464453
346592
200219
47250.5
0
8604.75
789392
467813
348247
201697
47369
0
8713.69
803903
475912
353159
204970
47970.4
0
8607.67
789942
468116
348396
201830
47379.7
0
8577.18
784199
464954
346839
200440
47268.2
0
8685.94
800623
474070
351953
204254
47803.1
0
8608.19
790039
468169
348422
201853
47381.6
0
8629.27
793925
470310
349489
202791
47461.6
0
8692.55
801404
474509
352240
204425
47843
0
8679.46
799857
473640
351671
204087
47764.1
0
8624.7
793149
469881
349265
202606
47442
0
8620.96
792444
469493
349074
202436
47428.3
0
8636.67
794799
470801
349811
202982
47506.2
0
8656.49
797141
472116
350672
203493
47625.6
0
8625.78
793353
469993
349320
202656
47446
0
8670.1
798750
473019
351264
203845
47707.7
0
8773.2
810937
479861
355746
206507
48329
0
8599
788308
467216
347953
201434
47348
0
8668.31
798538
472900
351186
203798
47696.9
0
8626.5
793488
470068
349357
202688
47448.6
0
8654.59
796917
471990
350590
203444
47614.2
0
8589.42
786504
466223
347464
200998
47313
0
8610.94
790557
468454
348562
201979
47391.7
0
8583.85
785454
465645
347179
200744
47292.6
0
8708.87
803333
475592
352949
204846
47941.3
0
8690.37
801147
474364
352145
204368
47829.8
0
8622.91
792812
469695
349173
202525
47435.5
0
8568.52
782567
464056
346397
200045
47236.5
0
8604.96
789431
467834
348257
201706
47369.8
0
8682.65
800234
473852
351810
204169
47783.3
0
8607.67
789941
468115
348395
201830
47379.7
0
8655.35
797007
472040
350623
203464
47618.8
0
8611.09
790585
468470
348570
201986
47392.2
0
8774.04
811035
479916
355782
206528
48334
0
8621.58
792562
469558
349106
202464
47430.6
0
8620.36
792332
469431
349043
202409
47426.2
0
8616.22
791552
469002
348832
202220
47411
