0
8509.18
786275
465142
345117
200318
46863
0
8569.69
790096
467732
347316
201561
47164
0
8637.93
795472
471331
350328
203235
47578.7
0
8678.49
802413
475853
353989
205187
48089.2
0
8631.02
794288
470560
349704
202902
47491.6
0
8587.74
791236
468504
347971
201931
47253.8
0
8597.61
791859
468926
348330
202134
47302.9
0
8597.09
791826
468904
348311
202123
47300.3
0
8551.4
788941
466949
346651
201185
47073
0
8499.07
785637
464710
344750
200111
46812.8
0
8651.16
797736
472806
351522
203872
47745.2
0
8594.63
791670
468799
348222
202073
47288
0
8556.47
789261
467166
346835
201289
47098.3
0
8570.22
790129
467754
347335
201572
47166.6
0
8740.69
813058
482789
359604
208182
48872.2
0
8564.01
789738
467489
347109
201444
47135.8
0
8650.78
797671
472764
351488
203854
47740.4
0
8626.92
793709
470180
349395
202736
47448.7
0
8675.86
801963
475560
353752
205061
48056.1
0
8671.22
801169
475042
353333
204837
47997.7
0
8629.76
794072
470419
349590
202841
47475.7
0
8591.87
791496
468680
348121
202016
47274.3
0
8480.1
784440
463898
344061
199721
46718.4
0
8740.93
813099
482816
359626
208193
48875.2
0
8699.38
805989
478183
355875
206193
48352.2
0
8662.7
799711
474093
352564
204427
47890.5
0
8624.26
793541
470066
349298
202681
47435.4
0
8616.35
793042
469728
349011
202519
47396.1
0
8665.53
800195
474408
352819
204563
47926.1
0
8565.1
789806
467535
347149
201467
47141.2
0
8555.67
789211
467132
346806
201273
47094.3
0
8651.54
797800
472848
351556
203890
47749.9
0
8645.3
796733
472152
350993
203590
47671.4
0
8542.2
788361
466555
346317
200996
47027.3
0
8647.46
797103
472393
351188
203694
47698.6
0
8747.01
814139
483494
360174
208486
48951.8
0
8534.37
787866
466220
346032
200835
46988.3
0
8611.52
792737
469522
348836
202420
47372.1
0
8581.35
790832
468231
347739
201800
47222
0
8634.02
794802
470894
349974
203046
47529.4
0
8666.4
800343
474505
352898
204605
47937
0
8639.06
795665
471456
350430
203289
47592.9
0
8494.56
785352
464517
344586
200018
46790.3
0
8646.67
796968
472305
351117
203656
47688.7
0
8645.51
796769
472176
351012
203600
47674.1
0
8647.33
797081
472379
351177
203687
47697
0
8658.37
798969
473610
352173
204219
47835.9
0
8456.03
782920
462868
343186
199227
46598.7
0
8539.66
788200
466447
346225
200944
47014.6
0
8564.21
789750
467497
347116
201448
47136.7
0
8575.62
790471
467985
347531
201683
47193.5
0
8576.83
790547
468037
347575
201707
47199.5
0
8500.58
785733
464775
344805
200142
46820.3
0
8539.6
788196
466444
346222
200943
47014.4
0
8633.51
794715
470837
349929
203022
47523
0
8698.43
805825
478076
355789
206147
48340.2
0
8497.3
785526
464634
344686
200074
46804
0
8577.94
790617
468085
347616
201730
47205.1
0
8702.2
806471
478497
356130
206329
48387.7
0
8661.28
799467
473934
352435
204359
47872.5
0
8609.87
792633
469451
348776
202386
47363.9
0
8662.68
799707
474090
352562
204426
47890.2
0
8639.73
795779
471531
350490
203321
47601.2
0
8633.61
794732
470849
349938
203027
47524.2
0
8645.31
796734
472153
350994
203590
47671.5
0
8571.01
790179
467788
347364
201588
47170.6
0
8610.28
792659
469468
348790
202394
47365.9
0
8611.14
792713
469505
348821
202412
47370.2
0
8595.86
791748
468851
348267
202098
47294.2
0
8609.41
792604
469431
348759
202376
47361.5
0
8636.9
795296
471216
350235
203185
47565.7
0
8588.82
791304
468550
348011
201954
47259.2
0
8615.34
792978
469685
348974
202498
47391.1
0
8708.16
807491
479162
356668
206616
48462.8
0
8498.03
785572
464665
344712
200089
46807.6
0
8482.96
784620
464020
344165
199780
46732.7
0
8659.41
799147
473726
352267
204269
47849
0
8703.61
806713
478655
356257
206397
48405.5
0
8617.9
793140
469795
349067
202551
47403.8
0
8630.65
794226
470519
349671
202884
47487
0
8684.02
803359
476470
354488
205453
48158.8
0
8540.04
788224
466463
346238
200952
47016.5
0
8409.66
779993
460884
341502
198275
46368.1
0
8498.64
785610
464691
344734
200102
46810.6
0
8639.57
795752
471513
350476
203314
47599.3
0
8635.96
795135
471111
350150
203140
47553.9
0
8663.16
799789
474144
352605
204449
47896.2
0
8676.59
802088
475641
353818
205096
48065.3
0
8694.72
805192
477664
355455
205969
48293.6
0
8525.22
787289
465829
345700
200648
46942.9
0
8632.74
794582
470751
349859
202985
47513.2
0
8712.69
808266
479667
357077
206834
48519.8
0
8422.67
780814
461441
341974
198542
46432.8
0
8379.23
778071
459582
340396
197650
46216.7
0
8497.22
785521
464631
344683
200073
46803.6
0
8576.06
790498
468004
347547
201692
47195.7
0
8584.42
791026
468362
347851
201863
47237.3
0
8640.95
795988
471667
350600
203380
47616.6
0
8649.93
797524
472668
351411
203812
47729.6
0
8591.33
791462
468657
348102
202005
47271.6
0
8524.27
787228
465788
345665
200628
46938.1
0
8615.13
792965
469676
348967
202494
47390
0
8664.66
800045
474311
352740
204521
47915.1
0
8544.59
788511
466657
346404
201045
47039.2
0
8721.63
809796
480664
357883
207264
48632.3
0
8556.75
789279
467178
346845
201295
47099.6
0
8538.01
788096
466376
346165
200910
47006.5
0
8523.77
787197
465767
345647
200618
46935.6
0
8603.23
792214
469167
348534
202250
47330.8
0
8530.46
787619
466053
345890
200755
46968.9
0
8633.2
794661
470802
349900
203007
47519
0
8564.51
789769
467510
347127
201454
47138.3
0
8768.84
817877
485929
362146
209537
49226.7
0
8646.65
796963
472302
351115
203654
47688.4
0
8654.58
798321
473187
351831
204036
47788.3
0
8656.4
798632
473389
351995
204124
47811.1
0
8528.82
787516
465983
345831
200722
46960.8
0
8706.67
807236
478996
356533
206544
48444
0
8585.58
791099
468411
347893
201887
47243
0
8603.7
792244
469187
348552
202259
47333.2
0
8673.64
801584
475313
353552
204954
48028.2
0
8542.85
788401
466583
346340
201010
47030.5
0
8580.74
790794
468204
347717
201788
47219
0
8550.51
788885
466911
346619
201167
47068.6
0
8582.26
790889
468269
347772
201819
47226.5
0
8492.66
785233
464436
344517
199979
46780.9
0
8521.96
787083
465689
345582
200581
46926.6
0
8637.01
795314
471228
350245
203191
47567.1
0
8590.89
791434
468639
348086
201996
47269.4
0
8678.49
802413
475853
353989
205187
48089.2
0
8648.53
797286
472513
351285
203745
47712.1
0
8639.96
795819
471557
350511
203333
47604.2
0
8671.78
801265
475105
353384
204864
48004.8
0
8659.61
799181
473747
352284
204278
47851.5
0
8555.5
789200
467124
346800
201269
47093.4
0
8589.88
791371
468595
348049
201975
47264.4
0
8654.13
798243
473136
351790
204014
47782.5
0
8651.74
797835
472870
351574
203900
47752.5
0
8668.6
800720
474750
353096
204711
47964.7
0
8688.85
804186
477008
354924
205686
48219.6
0
8769.78
818037
486033
362230
209582
49238.5
0
8570.17
790127
467752
347333
201571
47166.4
0
8491.96
785188
464406
344492
199965
46777.4
0
8577.89
790614
468083
347614
201729
47204.8
0
8617.51
793115
469778
349053
202543
47401.9
0
8601.78
792122
469105
348482
202220
47323.6
0
8597.85
791874
468936
348339
202139
47304.1
0
8701.68
806382
478439
356083
206304
48381.2
0
8614.35
792916
469642
348938
202478
47386.1
0
8587.52
791222
468495
347963
201927
47252.7
0
8544.3
788493
466645
346393
201039
47037.7
0
8656.21
798600
473369
351978
204115
47808.7
0
8630.46
794193
470497
349653
202875
47484.6
0
8686.61
803803
476759
354723
205578
48191.5
0
8557.5
789327
467210
346873
201311
47103.4
0
8566.41
789889
467591
347196
201493
47147.7
0
8660.24
799289
473818
352342
204309
47859.5
0
8686.5
803783
476746
354712
205573
48190
0
8716.16
808860
480054
357390
207001
48563.5
0
8574.91
790426
467955
347505
201668
47190
0
8591.33
791462
468657
348102
202005
47271.6
0
8546.92
788658
466757
346488
201093
47050.8
0
8703.83
806750
478679
356277
206407
48408.2
0
8672.05
801311
475135
353408
204877
48008.2
0
8601.77
792121
469104
348481
202220
47323.6
0
8652.96
798044
473006
351685
203958
47767.8
0
8589.9
791372
468596
348050
201976
47264.5
0
8631.18
794315
470577
349718
202910
47493.6
0
8660.11
799267
473804
352330
204302
47857.8
0
8454.8
782842
462816
343142
199202
46592.6
0
8489.32
785022
464293
344396
199910
46764.3
0
8652.25
797923
472927
351621
203924
47758.9
0
8505.93
786070
465003
344999
200251
46846.9
0
8534.39
787867
466221
346033
200836
46988.4
0
8646.25
796895
472258
351079
203635
47683.4
0
8704.3
806830
478731
356319
206430
48414.1
0
8578.21
790634
468096
347625
201736
47206.4
0
8791.66
821783
488474
364206
210635
49514
0
8715.31
808714
479959
357313
206960
48552.7
0
8589.5
791347
468579
348035
201968
47262.6
0
8609.59
792615
469439
348765
202380
47362.5
0
8710.54
807898
479427
356882
206730
48492.7
0
8636.22
795179
471140
350174
203153
47557.1
0
8611.07
792709
469502
348819
202411
47369.8
0
8632.81
794595
470759
349866
202988
47514.2
0
8586.89
791182
468467
347940
201914
47249.5
0
8673.37
801537
475282
353527
204941
48024.8
0
8595.41
791720
468832
348250
202089
47291.9
0
8573.16
790315
467880
347442
201632
47181.3
0
8613.07
792835
469588
348892
202452
47379.8
0
8683.16
803212
476374
354411
205412
48148
0
8595.75
791741
468847
348263
202096
47293.6
0
8670.45
801038
474957
353264
204800
47988.1
0
8576
790494
468001
347545
201690
47195.4
0
8568.16
789999
467666
347260
201529
47156.4
0
8529
787527
465990
345837
200725
46961.6
0
8629.14
793967
470350
349534
202812
47468
0
8560.19
789496
467325
346970
201366
47116.7
0
8676.74
802114
475658
353831
205103
48067.2
0
8741.95
813274
482930
359718
208242
48888.1
0
8671.71
801252
475097
353377
204861
48003.8
0
8700.32
806148
478287
355959
206238
48364
0
8603.95
792259
469197
348560
202264
47334.4
0
8686.35
803758
476730
354699
205566
48188.2
0
8667.52
800536
474630
352999
204659
47951.2
0
8528.32
787484
465961
345813
200711
46958.3
0
8598.05
791886
468945
348346
202143
47305.1
0
8683.22
803223
476381
354417
205415
48148.8
0
8676.26
802032
475605
353788
205080
48061.2
0
8659.75
799206
473764
352298
204285
47853.3
0
8546.57
788636
466742
346476
201086
47049
0
8684.87
803506
476565
354566
205495
48169.6
0
8810.3
824972
490552
365888
211533
49748.6
0
8703.37
806672
478628
356236
206385
48402.5
0
8661.38
799485
473945
352445
204364
47873.8
0
8467.96
783673
463378
343619
199472
46658
0
8673.35
801533
475280
353525
204940
48024.5
0
8645.4
796750
472163
351002
203594
47672.7
0
8667.48
800529
474626
352996
204657
47950.7
0
8731.17
811429
481728
358745
207723
48752.4
0
8682.7
803134
476323
354370
205390
48142.3
0
8638.4
795552
471383
350371
203258
47584.6
0
8660.64
799358
473863
352378
204328
47864.5
0
8705.74
807077
478892
356449
206499
48432.3
0
8597.5
791852
468921
348326
202132
47302.3
0
8575.27
790449
467970
347519
201675
47191.8
0
8672.74
801429
475212
353470
204910
48016.8
0
8545.41
788563
466693
346434
201062
47043.3
0
8673.04
801480
475245
353497
204925
48020.6
0
8537.18
788043
466340
346134
200893
47002.3
0
8705.06
806961
478816
356388
206466
48423.7
0
8601.42
792099
469089
348468
202212
47321.8
0
8694.77
805200
477669
355459
205971
48294.2
0
8727.9
810869
481363
358450
207566
48711.2
0
8597.61
791859
468926
348330
202134
47302.9
0
8630.68
794231
470522
349674
202886
47487.4
0
8658.53
798998
473628
352188
204227
47838
0
8622.32
793419
469984
349228
202642
47425.8
0
8703.1
806625
478597
356211
206372
48399
0
8446.13
782295
462445
342827
199024
46549.5
0
8586.91
791183
468468
347941
201914
47249.7
0
8488.47
784968
464256
344365
199893
46760.1
0
8647.22
797060
472366
351166
203682
47695.5
0
8655.21
798429
473258
351888
204067
47796.2
0
8513.19
786529
465314
345263
200401
46883
0
8455.78
782904
462857
343177
199222
46597.5
0
8635.73
795095
471085
350129
203129
47551
0
8526.78
787387
465895
345757
200680
46950.6
0
8691.71
804676
477328
355183
205824
48255.7
0
8626.29
793670
470154
349372
202723
47445.5
0
8633.41
794697
470826
349919
203017
47521.7
0
8583.97
790998
468343
347835
201854
47235.1
0
8654.66
798334
473196
351838
204040
47789.2
0
8680.03
802677
476025
354128
205261
48108.6
0
8667.96
800610
474679
353038
204680
47956.6
0
8565.71
789845
467561
347171
201479
47144.2
0
8714.47
808570
479865
357237
206919
48542.1
0
8504.13
785957
464926
344934
200215
46837.9
0
8637.18
795342
471246
350260
203198
47569.1
0
8586.61
791164
468455
347930
201908
47248.2
0
8590.75
791426
468633
348081
201993
47268.8
0
8697.23
805621
477944
355681
206090
48325.2
0
8590.43
791405
468619
348069
201987
47267.2
0
8676.09
802002
475585
353772
205072
48059
0
8481.92
784555
463976
344127
199759
46727.5
0
8579.2
790696
468138
347661
201756
47211.3
0
8496.52
785476
464601
344657
200058
46800.1
0
8565.19
789812
467539
347152
201468
47141.6
0
8563.91
789731
467484
347106
201442
47135.3
0
8450.24
782554
462620
342976
199108
46569.9
0
8689.81
804351
477116
355011
205732
48231.8
0
8615.4
792982
469687
348976
202499
47391.4
0
8535.74
787953
466279
346082
200864
46995.2
0
8671.89
801284
475118
353394
204870
48006.2
0
8577.43
790584
468063
347597
201720
47202.5
0
8553.16
789052
467024
346715
201221
47081.8
0
8509.39
786289
465152
345125
200323
46864.1
0
8580.74
790794
468204
347717
201788
47219
0
8611.99
792767
469542
348853
202429
47374.4
0
8498.95
785630
464705
344746
200108
46812.2
0
8704.38
806844
478740
356326
206434
48415.1
0
8681.44
802918
476182
354256
205329
48126.4
0
8634.29
794848
470924
349999
203059
47532.8
0
8628.59
793873
470289
349485
202785
47461.1
0
8684.51
803443
476524
354533
205477
48165
0
8713.22
808357
479726
357124
206859
48526.4
0
8627.51
793746
470206
349416
202748
47451.6
0
8628.46
793851
470274
349473
202779
47459.4
0
8501.37
785782
464808
344833
200158
46824.2
0
8592.94
791564
468726
348160
202038
47279.6
0
8567.43
789953
467635
347233
201514
47152.8
0
8578.73
790667
468118
347644
201746
47209
0
8727.6
810818
481330
358423
207551
48707.5
0
8687.7
803989
476880
354820
205631
48205.1
0
8638.7
795603
471416
350397
203272
47588.3
0
8563.48
789704
467466
347090
201433
47133.1
0
8627.34
793736
470198
349410
202745
47450.7
0
8640.76
795956
471646
350583
203371
47614.3
0
8415.84
780382
461148
341726
198401
46398.8
0
8572.27
790259
467842
347410
201614
47176.9
0
8508.79
786251
465126
345103
200310
46861.1
0
8635.83
795112
471096
350138
203134
47552.2
0
8657.13
798757
473471
352061
204159
47820.3
0
8647.83
797165
472434
351221
203711
47703.2
0
8486.25
784828
464161
344284
199847
46749
0
8689.11
804230
477037
354948
205698
48222.9
0
8656.11
798583
473358
351969
204110
47807.5
0
8550.36
788876
466904
346613
201164
47067.9
0
8623.74
793508
470044
349279
202671
47432.8
0
8577.16
790568
468051
347587
201714
47201.2
0
8633.62
794733
470849
349938
203027
47524.3
0
8669.68
800905
474870
353194
204763
47978.3
0
8746.57
814065
483446
360135
208465
48946.3
0
8614.71
792938
469658
348951
202485
47387.9
0
8700.97
806260
478360
356019
206269
48372.2
0
8690.72
804507
477218
355094
205776
48243.2
0
8651.19
797741
472809
351525
203873
47745.6
0
8663.08
799775
474134
352598
204445
47895.2
0
8708.32
807518
479179
356682
206623
48464.7
0
8475.15
784127
463686
343881
199620
46693.8
0
8672.52
801391
475187
353450
204900
48014.1
0
8550.75
788900
466921
346627
201172
47069.8
0
8602.59
792173
469139
348511
202236
47327.6
0
8632.8
794592
470758
349864
202988
47514
0
8613.11
792837
469589
348893
202452
47379.9
0
8706.14
807146
478937
356486
206518
48437.3
0
8716.64
808942
480108
357433
207024
48569.5
0
8630.5
794199
470501
349657
202877
47485.1
0
8690.63
804491
477207
355085
205772
48242.1
0
8649.85
797511
472659
351403
203808
47728.6
0
8544.32
788494
466646
346394
201040
47037.8
0
8659.8
799215
473770
352302
204288
47854
0
8529.6
787565
466016
345859
200738
46964.6
0
8474.79
784104
463671
343868
199612
46692
0
8701.97
806431
478472
356109
206318
48384.8
0
8664.3
799984
474271
352708
204504
47910.6
0
8618.64
793186
469826
349094
202566
47407.5
0
8694.77
805199
477668
355458
205971
48294.1
0
8596.04
791760
468859
348273
202102
47295.1
0
8649.15
797392
472582
351341
203775
47719.9
0
8663.01
799763
474127
352592
204442
47894.3
0
8608.52
792547
469393
348726
202358
47357.1
0
8495.28
785398
464548
344612
200033
46793.9
0
8698.24
805794
478056
355773
206138
48337.9
0
8673.27
801520
475272
353518
204936
48023.6
0
8687.56
803965
476865
354808
205624
48203.4
0
8636.52
795231
471173
350201
203167
47560.9
0
8655.92
798551
473337
351952
204101
47805.1
0
8473.52
784024
463617
343822
199586
46685.7
0
8537.56
788067
466357
346148
200901
47004.2
0
8670.43
801034
474955
353262
204799
47987.8
0
8489.34
785023
464293
344396
199911
46764.4
0
8736.95
812419
482373
359267
208002
48825.2
0
8620.79
793322
469918
349172
202610
47418.2
0
8665.83
800246
474441
352846
204578
47929.8
0
8638.96
795647
471445
350421
203284
47591.6
0
8664.44
800008
474286
352721
204511
47912.3
0
8604.34
792283
469214
348574
202272
47336.3
0
8406.16
779771
460734
341374
198203
46350.7
0
8742.27
813329
482966
359747
208258
48892.2
0
8606.59
792426
469311
348656
202319
47347.6
0
8688.1
804058
476925
354857
205650
48210.2
0
8688.44
804116
476963
354888
205666
48214.5
0
8649.6
797468
472631
351381
203796
47725.5
0
8682.34
803073
476283
354337
205373
48137.8
0
8716.62
808939
480105
357431
207023
48569.2
0
8595.91
791751
468853
348268
202099
47294.4
0
8696.38
805475
477848
355604
206048
48314.4
0
8543.02
788412
466590
346347
201013
47031.4
0
8660.18
799280
473812
352337
204306
47858.8
0
8618.82
793198
469834
349101
202570
47408.3
0
8456.19
782930
462875
343192
199230
46599.5
0
8553.76
789090
467050
346737
201234
47084.8
0
8636.34
795198
471152
350184
203158
47558.6
0
8645.75
796809
472202
351033
203611
47677
0
8647.5
797109
472398
351192
203695
47699.1
0
8414.4
780291
461087
341674
198372
46391.6
0
8625.72
793634
470129
349351
202711
47442.7
0
8695.49
805323
477749
355524
206006
48303.3
0
8613.75
792878
469617
348917
202466
47383.2
0
8678.04
802337
475804
353949
205166
48083.6
0
8589.05
791319
468560
348019
201958
47260.3
0
8688.12
804061
476927
354859
205651
48210.5
0
8593.26
791584
468740
348172
202045
47281.2
0
8643.73
796464
471977
350851
203514
47651.6
0
8681.48
802926
476187
354260
205331
48126.9
0
8529.85
787581
466027
345868
200743
46965.9
0
8582.64
790914
468286
347786
201827
47228.4
0
8490.35
785087
464337
344433
199932
46769.4
0
8516.08
786711
465438
345368
200460
46897.4
0
8697.78
805715
478005
355731
206116
48332.1
0
8634.58
794898
470957
350025
203073
47536.4
0
8672.84
801447
475224
353480
204915
48018.2
0
8534.68
787885
466233
346044
200842
46989.9
0
8590.82
791430
468636
348083
201995
47269.1
0
8581.59
790847
468241
347748
201805
47223.2
0
8585.44
791091
468406
347888
201884
47242.4
0
8629.16
793970
470352
349536
202812
47468.2
0
8604.36
792285
469215
348575
202273
47336.4
0
8651.71
797830
472867
351572
203898
47752.1
0
8645.74
796809
472202
351033
203611
47677
0
8579.88
790739
468167
347686
201770
47214.7
0
8512.74
786500
465295
345247
200391
46880.8
0
8663.46
799841
474177
352633
204464
47900
0
8555.84
789221
467139
346812
201276
47095.1
0
8689.76
804343
477111
355007
205730
48231.2
0
8691.05
804564
477255
355124
205792
48247.4
0
8641.72
796120
471753
350670
203417
47626.3
0
8594.53
791665
468795
348218
202071
47287.6
0
8664.17
799961
474256
352696
204498
47908.9
0
8569.67
790095
467731
347315
201560
47163.9
0
8692.25
804769
477388
355232
205850
48262.5
0
8681.15
802868
476150
354229
205315
48122.7
0
8673.36
801535
475281
353526
204940
48024.6
0
8695
805239
477694
355480
205982
48297.1
0
8507.58
786174
465074
345059
200285
46855.1
0
8571.29
790197
467800
347374
201594
47172
0
8577.68
790600
468073
347606
201725
47203.7
0
8459.37
783131
463011
343307
199295
46615.3
0
8617.04
793086
469758
349036
202533
47399.5
0
8734.77
812045
482130
359070
207897
48797.7
0
8651.34
797767
472826
351539
203880
47747.5
0
8648.35
797255
472493
351269
203736
47709.8
0
8611.75
792752
469531
348844
202425
47373.2
0
8698.7
805872
478107
355814
206160
48343.7
0
8634.76
794928
470976
350041
203082
47538.7
0
8628.87
793921
470320
349510
202799
47464.6
0
8603.17
792210
469164
348532
202248
47330.5
0
8628.72
793894
470303
349496
202791
47462.6
0
8619.55
793244
469865
349127
202585
47412
0
8662.06
799600
474021
352506
204396
47882.3
0
8561.79
789597
467394
347029
201399
47124.7
0
8592.74
791551
468718
348153
202034
47278.7
0
8650.36
797598
472716
351449
203833
47735.1
0
8716.74
808959
480118
357442
207028
48570.7
0
8537.69
788076
466362
346153
200904
47004.9
0
8594.91
791688
468811
348232
202079
47289.5
0
8629.18
793974
470355
349538
202814
47468.5
0
8504.04
785951
464922
344930
200213
46837.5
0
8576.23
790509
468011
347553
201695
47196.5
0
8707.86
807440
479129
356641
206601
48459
0
8642.06
796179
471791
350701
203434
47630.7
0
8681.14
802866
476148
354228
205315
48122.5
0
8635.34
795029
471042
350094
203110
47546.1
0
8644.67
796624
472081
350936
203559
47663.4
0
8636.98
795310
471225
350242
203189
47566.7
0
8568.9
790046
467698
347287
201545
47160.1
0
8585.33
791083
468401
347884
201882
47241.8
0
8717.97
809169
480255
357553
207088
48586.2
0
8557.39
789320
467205
346869
201308
47102.9
0
8562.2
789623
467411
347044
201407
47126.8
0
8584.92
791058
468383
347869
201874
47239.8
0
8572.42
790269
467848
347415
201617
47177.6
0
8619.4
793234
469858
349122
202581
47411.2
0
8738.58
812696
482554
359413
208080
48845.6
0
8531.61
787692
466102
345932
200779
46974.6
0
8692.34
804784
477398
355240
205854
48263.6
0
8600.14
792019
469034
348422
202186
47315.5
0
8661.07
799431
473910
352416
204348
47869.9
0
8581.65
790851
468243
347750
201806
47223.5
0
8666.86
800422
474556
352939
204627
47942.8
0
8597.54
791854
468923
348327
202133
47302.5
0
8488.57
784974
464261
344368
199895
46760.6
0
8669.27
800835
474825
353157
204744
47973.2
0
8586.22
791140
468439
347916
201900
47246.2
0
8472.06
783932
463554
343769
199556
46678.4
0
8680.46
802751
476074
354168
205282
48114.1
0
8680.46
802751
476074
354168
205282
48114.1
0
8660.41
799318
473837
352357
204317
47861.6
0
8564
789737
467488
347109
201444
47135.7
0
8754.05
815344
484279
360810
208825
49040.4
0
8426.2
781037
461592
342102
198614
46450.3
0
8597.96
791881
468941
348343
202141
47304.6
0
8650.85
797683
472771
351494
203857
47741.3
0
8381.27
778200
459669
340470
197692
46226.9
0
8659.78
799210
473767
352300
204286
47853.7
0
8502.31
785842
464849
344868
200177
46828.9
0
8715.6
808764
479991
357339
206974
48556.4
0
8484.87
784741
464102
344234
199819
46742.2
0
8610.99
792704
469499
348816
202409
47369.4
0
8606.09
792394
469289
348638
202308
47345.1
0
8639.91
795809
471551
350506
203330
47603.5
0
8490.86
785119
464359
344452
199942
46772
0
8704.27
806826
478729
356317
206429
48413.8
0
8633.83
794770
470874
349958
203038
47527.1
0
8696.6
805513
477873
355624
206059
48317.3
0
8576.17
790505
468009
347551
201694
47196.3
0
8508.63
786241
465119
345097
200307
46860.3
0
8520.95
787019
465646
345545
200560
46921.6
0
8544.33
788495
466646
346394
201040
47037.9
0
8640.42
795898
471609
350553
203355
47610
0
8742.07
813295
482944
359729
208248
48889.7
0
8700.17
806124
478271
355947
206231
48362.2
0
8417.7
780500
461228
341793
198440
46408.1
0
8521.79
787072
465682
345575
200577
46925.8
0
8690.12
804403
477150
355039
205747
48235.6
0
8733.98
811910
482041
358998
207858
48787.7
0
8706.03
807126
478924
356475
206513
48435.9
0
8608.88
792570
469408
348739
202365
47358.9
0
8755.6
815610
484452
360950
208899
49059.9
0
8536.76
788017
466322
346119
200885
47000.2
0
8577.97
790619
468086
347617
201731
47205.2
0
8724.73
810326
481009
358163
207413
48671.3
0
8668.24
800659
474710
353064
204694
47960.2
0
8397.99
779256
460385
341078
198035
46310.1
0
8723.52
810119
480874
358054
207355
48656.1
0
8641.54
796089
471733
350654
203408
47624.1
0
8583.85
790990
468338
347830
201852
47234.4
0
8667.78
800580
474659
353022
204672
47954.4
0
8695.49
805322
477749
355524
206006
48303.2
0
8633.28
794676
470812
349908
203011
47520.1
0
8479.25
784386
463862
344030
199704
46714.2
0
8615.11
792964
469675
348966
202493
47389.9
0
8544.34
788496
466647
346395
201040
47037.9
0
8638.27
795530
471368
350359
203251
47582.9
0
8597.84
791873
468936
348338
202139
47304
0
8625.95
793648
470139
349360
202716
47443.8
0
8708.79
807598
479232
356724
206646
48470.6
0
8677.56
802254
475750
353905
205142
48077.5
0
8713.48
808401
479755
357148
206871
48529.7
0
8618.17
793157
469806
349077
202556
47405.1
0
8614.35
792916
469643
348938
202478
47386.2
0
8639.15
795680
471467
350438
203294
47594
0
8653.72
798174
473092
351754
203995
47777.5
0
8660.18
799280
473812
352337
204306
47858.8
0
8616.28
793038
469725
349008
202518
47395.7
0
8684.1
803372
476478
354495
205457
48159.8
0
8632.81
794595
470759
349865
202988
47514.1
0
8685.84
803671
476673
354653
205541
48181.8
0
8604.74
792309
469231
348589
202280
47338.3
0
8579.68
790727
468159
347679
201766
47213.7
0
8646.93
797011
472334
351140
203668
47691.9
0
8680.97
802838
476130
354213
205307
48120.5
0
8602.93
792195
469154
348524
202243
47329.4
0
8722.12
809881
480719
357928
207288
48638.5
0
8608.1
792521
469375
348711
202350
47355.1
0
8592.68
791547
468715
348151
202033
47278.3
0
8575.48
790462
467980
347526
201680
47192.8
0
8636.05
795150
471121
350158
203144
47555
0
8655.86
798539
473329
351946
204098
47804.3
0
8561.72
789593
467391
347026
201397
47124.4
0
8604.86
792316
469236
348593
202283
47338.9
0
8669.16
800816
474812
353147
204738
47971.7
0
8593.9
791624
468767
348195
202058
47284.4
0
8615.03
792959
469672
348963
202492
47389.5
0
8556.73
789278
467177
346845
201295
47099.6
0
8580.45
790775
468192
347707
201782
47217.5
0
8621.73
793382
469958
349206
202629
47422.8
0
8579.44
790711
468149
347670
201761
47212.5
0
8653.92
798209
473114
351772
204005
47780
0
8740.58
813040
482778
359595
208176
48870.9
0
8531.25
787669
466087
345919
200771
46972.8
0
8664.09
799949
474248
352690
204494
47908
0
8624.58
793562
470080
349310
202688
47437
0
8635.63
795077
471073
350120
203124
47549.6
0
8579.64
790724
468157
347677
201765
47213.5
0
8588.18
791263
468523
347987
201940
47256
0
8575.19
790443
467967
347515
201674
47191.4
0
8659.18
799109
473700
352246
204258
47846.2
0
8636.22
795179
471140
350174
203153
47557.1
0
8514.83
786632
465384
345322
200434
46891.2
0
8699.55
806017
478202
355890
206201
48354.3
0
8643.6
796442
471963
350840
203508
47650
0
8455.59
782892
462849
343170
199218
46596.5
0
8563.94
789733
467485
347107
201443
47135.4
0
8624.74
793572
470087
349316
202691
47437.8
0
8758.21
816058
484744
361186
209025
49092.9
0
8660.45
799326
473842
352361
204319
47862.2
0
8680.98
802839
476131
354214
205307
48120.5
0
8673.78
801607
475328
353564
204961
48030
0
8655.4
798462
473279
351905
204076
47798.6
0
8580.92
790805
468212
347724
201791
47219.8
0
8610.66
792683
469485
348804
202402
47367.8
0
8674.57
801742
475416
353635
204998
48039.8
0
8451.12
782610
462658
343008
199126
46574.3
0
8586.39
791151
468446
347923
201904
47247.1
0
8649.36
797428
472605
351360
203785
47722.5
0
8499.63
785673
464734
344770
200122
46815.6
0
8450.59
782576
462635
342988
199115
46571.6
0
8736.75
812385
482351
359249
207992
48822.7
0
8547.16
788673
466767
346497
201098
47051.9
0
8633.25
794670
470808
349905
203009
47519.7
0
8476.19
784193
463731
343919
199641
46699
0
8656.41
798635
473391
351996
204125
47811.3
0
8693.49
804981
477526
355344
205910
48278.1
0
8687.55
803964
476864
354808
205624
48203.3
0
8659.41
799147
473725
352267
204269
47849
0
8641.03
796002
471676
350608
203384
47617.7
0
8671.58
801231
475083
353366
204855
48002.3
0
8554.25
789121
467071
346755
201244
47087.2
0
8706.14
807145
478936
356485
206518
48437.3
0
8531.58
787690
466101
345931
200778
46974.5
0
8639.91
795810
471551
350507
203330
47603.6
0
8654.46
798300
473173
351820
204030
47786.7
0
8600.6
792048
469054
348439
202196
47317.8
0
8660.39
799315
473835
352355
204316
47861.4
0
8606.79
792438
469319
348663
202323
47348.5
0
8704.7
806898
478776
356355
206449
48419.1
0
8591.74
791489
468675
348117
202014
47273.7
0
8476.34
784202
463737
343924
199644
46699.7
0
8653.07
798062
473018
351694
203963
47769.2
0
8592.68
791547
468715
348151
202033
47278.3
0
8693.64
805007
477543
355357
205917
48280
0
8538.64
788136
466403
346188
200923
47009.6
0
8678.16
802357
475817
353960
205172
48085.1
0
8654.36
798284
473163
351811
204026
47785.5
0
8741.66
813224
482897
359691
208228
48884.4
0
8716.85
808978
480131
357452
207034
48572.1
0
8658.33
798962
473605
352169
204217
47835.4
0
8584.25
791016
468355
347845
201860
47236.4
0
8537.96
788092
466374
346163
200909
47006.2
0
8533.5
787811
466183
346001
200818
46984
0
8635.19
795002
471025
350080
203103
47544.1
0
8778.48
819527
487004
363016
210001
49348
0
8646.24
796893
472257
351078
203635
47683.2
0
8634.16
794827
470910
349988
203053
47531.2
0
8637.92
795469
471329
350327
203234
47578.5
0
8616.67
793062
469742
349023
202526
47397.7
0
8344.08
775852
458078
339119
196928
46041.9
0
8680.82
802812
476114
354200
205300
48118.6
0
8640.36
795888
471602
350548
203352
47609.3
0
8745.49
813880
483325
360038
208413
48932.7
0
8681.16
802871
476152
354231
205316
48122.9
0
8481.53
784530
463959
344113
199750
46725.5
0
8486.69
784856
464180
344300
199857
46751.2
0
8624.51
793557
470077
349307
202686
47436.7
0
8624.48
793555
470076
349306
202686
47436.5
0
8558.45
789386
467251
346907
201330
47108.1
0
8669.04
800796
474799
353136
204732
47970.3
0
8678.17
802359
475818
353961
205172
48085.2
0
8609.28
792595
469425
348754
202374
47360.9
0
8503.63
785925
464905
344916
200204
46835.5
0
8602.64
792176
469141
348513
202237
47327.9
0
8565.9
789857
467570
347178
201483
47145.2
0
8474.8
784105
463671
343868
199612
46692.1
0
8589.3
791334
468571
348028
201963
47261.5
0
8661.75
799549
473987
352478
204382
47878.5
0
8539.72
788204
466449
346227
200945
47014.9
0
8416.33
780413
461169
341744
198412
46401.3
0
8645.63
796790
472189
351023
203606
47675.6
0
8673.64
801583
475312
353551
204954
48028.2
0
8651.41
797778
472833
351545
203884
47748.3
0
8596.71
791802
468888
348297
202116
47298.4
0
8531.27
787671
466088
345920
200772
46973
0
8692.2
804759
477382
355227
205847
48261.8
0
8685.27
803573
476609
354601
205514
48174.6
0
8585.02
791064
468387
347873
201876
47240.3
0
8632.89
794608
470768
349873
202992
47515.2
0
8587.78
791238
468506
347973
201932
47254
0
8614.2
792906
469636
348933
202475
47385.4
0
8686.27
803744
476721
354691
205562
48187.1
0
8704.03
806784
478701
356295
206417
48410.7
0
8599.15
791956
468992
348386
202166
47310.6
0
8547.94
788723
466801
346525
201114
47055.8
0
8577.52
790591
468067
347600
201722
47203
0
8608.58
792552
469396
348729
202359
47357.5
0
8639.29
795704
471482
350451
203300
47595.8
0
8652.61
797984
472968
351653
203942
47763.5
0
8639.13
795677
471465
350436
203293
47593.8
0
8682.5
803100
476301
354352
205381
48139.8
0
8483.12
784630
464027
344170
199783
46733.4
0
8572.51
790274
467852
347418
201619
47178.1
0
8422.34
780793
461427
341962
198535
46431.2
0
8617.39
793108
469773
349049
202540
47401.3
0
8481.52
784529
463959
344112
199750
46725.5
0
8606.09
792394
469289
348638
202308
47345
0
8481.58
784533
463961
344114
199752
46725.8
0
8657.1
798753
473468
352059
204158
47820
0
8638.03
795488
471341
350336
203239
47579.8
0
8685.73
803653
476661
354643
205536
48180.4
0
8583.96
790997
468342
347834
201854
47235
0
8566.03
789865
467575
347183
201486
47145.8
0
8623.7
793506
470042
349278
202670
47432.6
0
8542.98
788410
466589
346345
201012
47031.2
0
8576.1
790500
468006
347548
201692
47195.9
0
8491.4
785153
464381
344471
199953
46774.6
0
8671.38
801196
475060
353347
204845
47999.7
0
8678.53
802419
475857
353992
205189
48089.7
0
8663.01
799763
474127
352591
204442
47894.3
0
8583.24
790952
468311
347808
201839
47231.4
0
8575.97
790493
468000
347544
201690
47195.3
0
8556.03
789234
467147
346819
201280
47096.1
0
8646.68
796969
472306
351118
203656
47688.8
0
8645.44
796757
472168
351006
203596
47673.2
0
8747.55
814232
483554
360224
208512
48958.6
0
8565.71
789845
467561
347171
201479
47144.2
0
8607.01
792452
469328
348671
202327
47349.6
0
8636.46
795219
471166
350195
203164
47560.1
0
8553.48
789073
467038
346727
201228
47083.4
0
8448.92
782471
462564
342928
199081
46563.3
0
8639.06
795664
471456
350429
203289
47592.8
0
8705.26
806994
478838
356406
206476
48426.2
0
8633.3
794679
470814
349910
203012
47520.3
0
8634.8
794936
470982
350045
203084
47539.3
0
8599.87
792001
469023
348412
202180
47314.1
0
8645.06
796691
472125
350971
203578
47668.3
0
8610.42
792667
469474
348795
202397
47366.6
0
8753.85
815310
484257
360792
208815
49037.9
0
8689.11
804230
477037
354948
205698
48222.9
0
8574.52
790401
467938
347491
201660
47188.1
0
8621.74
793382
469959
349207
202630
47422.9
0
8673.47
801555
475294
353536
204946
48026.1
0
8708.68
807580
479220
356715
206641
48469.3
0
8578.67
790663
468116
347642
201745
47208.7
0
8691.56
804650
477311
355169
205816
48253.8
0
8718.28
809223
480291
357581
207103
48590.2
0
8605.89
792382
469281
348631
202304
47344.1
0
8655.59
798495
473300
351922
204085
47801
0
8613.38
792854
469601
348903
202458
47381.3
0
8652.66
797993
472973
351658
203944
47764.1
0
8645.65
796793
472192
351025
203607
47675.9
0
8693.99
805066
477582
355389
205934
48284.4
0
8667.53
800537
474631
353000
204660
47951.3
0
8593.86
791622
468766
348194
202057
47284.2
0
8686.37
803761
476732
354700
205566
48188.4
0
8632.49
794541
470724
349837
202973
47510.2
0
8702.88
806588
478574
356191
206362
48396.3
0
8686.69
803816
476767
354729
205582
48192.4
0
8631.28
794333
470589
349727
202915
47494.9
0
8666.43
800348
474508
352900
204607
47937.4
0
8598.77
791932
468976
348372
202158
47308.6
0
8573.08
790310
467877
347439
201630
47180.9
0
8610.54
792675
469479
348800
202400
47367.2
0
8608.74
792562
469403
348735
202363
47358.3
0
8596.08
791762
468861
348274
202103
47295.3
0
8681.13
802864
476147
354227
205314
48122.4
0
8606.21
792402
469294
348643
202311
47345.7
0
8661.65
799531
473976
352469
204377
47877.3
0
8657.46
798814
473508
352091
204175
47824.5
0
8664.29
799983
474270
352708
204504
47910.5
0
8639.35
795714
471488
350456
203303
47596.4
0
8474.36
784077
463652
343852
199603
46689.9
0
8618.81
793197
469834
349100
202570
47408.3
0
8550.33
788874
466903
346612
201163
47067.7
0
8691.79
804689
477336
355190
205827
48256.6
0
8520.75
787006
465637
345538
200556
46920.6
0
8701.97
806431
478472
356109
206318
48384.8
0
8469.89
783795
463461
343690
199511
46667.6
0
8600.31
792029
469042
348428
202190
47316.3
0
8540.78
788271
466495
346265
200967
47020.2
0
8554.82
789157
467095
346775
201255
47090.1
0
8663.16
799789
474144
352605
204449
47896.2
0
8433.67
781508
461911
342374
198768
46487.5
0
8500.35
785718
464765
344796
200137
46819.1
0
8640.06
795837
471568
350520
203337
47605.5
0
8472.57
783964
463576
343787
199566
46681
0
8510.55
786362
465201
345167
200346
46869.9
0
8636.55
795235
471176
350203
203168
47561.2
0
8624.28
793542
470067
349299
202682
47435.5
0
8518.33
786854
465534
345450
200506
46908.6
0
8632.78
794591
470756
349863
202987
47513.8
0
8628.68
793889
470299
349493
202790
47462.2
0
8717.53
809094
480207
357513
207067
48580.7
0
8449.4
782501
462585
342945
199091
46565.8
0
8667.78
800581
474660
353023
204672
47954.5
0
8487.34
784897
464208
344324
199870
46754.4
0
8691.56
804650
477311
355169
205816
48253.8
0
8656.27
798611
473376
351984
204118
47809.6
0
8756.53
815769
484556
361034
208944
49071.6
0
8656.33
798620
473382
351989
204120
47810.3
0
8594.72
791676
468803
348225
202075
47288.5
0
8632.32
794511
470705
349821
202965
47508
0
8600.58
792047
469054
348438
202195
47317.7
0
8663.88
799913
474224
352671
204484
47905.4
0
8617.21
793096
469765
349042
202537
47400.3
0
8618.36
793169
469814
349084
202560
47406.1
0
8633.56
794723
470843
349933
203024
47523.6
0
8694.65
805180
477656
355448
205965
48292.7
0
8513.77
786565
465339
345284
200412
46885.9
0
8509.48
786294
465155
345128
200324
46864.5
0
8551.04
788919
466934
346638
201178
47071.3
0
8630.25
794156
470473
349634
202865
47481.9
0
8477.76
784292
463798
343976
199673
46706.8
0
8569.66
790094
467730
347315
201560
47163.9
0
8585.78
791112
468420
347900
201891
47244
0
8628.12
793792
470236
349442
202762
47455.1
0
8636.56
795237
471178
350204
203169
47561.4
0
8638.74
795610
471421
350401
203274
47588.8
0
8640.68
795942
471637
350576
203367
47613.3
0
8625.47
793618
470119
349342
202706
47441.5
0
8637.4
795380
471271
350280
203209
47571.9
0
8634.8
794936
470981
350045
203084
47539.2
0
8661.69
799538
473980
352473
204379
47877.7
0
8420.47
780675
461347
341894
198497
46421.9
0
8663.37
799826
474167
352624
204459
47898.9
0
8625.55
793623
470122
349345
202708
47441.9
0
8669.15
800814
474811
353146
204737
47971.6
0
8523.65
787189
465762
345643
200615
46935
0
8658.54
798999
473629
352189
204227
47838.1
0
8488.83
784991
464272
344378
199900
46761.9
0
8675.18
801847
475484
353690
205028
48047.6
0
8693.59
804997
477537
355352
205914
48279.3
0
8724.47
810282
480981
358140
207401
48668.1
0
8648.09
797210
472463
351245
203724
47706.6
0
8638.62
795589
471407
350390
203268
47587.3
0
8527.82
787453
465940
345795
200701
46955.8
0
8665.8
800242
474439
352844
204577
47929.5
0
8669.38
800854
474837
353167
204749
47974.5
0
8645.86
796829
472215
351044
203617
47678.5
0
8557.08
789300
467192
346858
201302
47101.3
0
8674.52
801733
475411
353631
204996
48039.2
0
8655.37
798456
473275
351902
204074
47798.1
0
8583.17
790947
468308
347805
201838
47231.1
0
8555.06
789172
467106
346784
201260
47091.3
0
8662.07
799603
474023
352507
204397
47882.6
0
8624.33
793546
470070
349301
202683
47435.8
0
8474.36
784077
463652
343852
199603
46689.9
0
8624.68
793568
470084
349314
202690
47437.5
0
8514.12
786588
465354
345297
200420
46887.6
0
8621.55
793370
469950
349200
202626
47421.9
0
8642.03
796173
471788
350698
203432
47630.3
0
8645.61
796785
472186
351021
203604
47675.3
0
8719.56
809443
480434
357697
207165
48606.3
0
8673.7
801592
475319
353556
204956
48028.9
0
8578.55
790656
468111
347638
201743
47208.1
0
8588.66
791294
468543
348005
201950
47258.4
0
8679.64
802611
475982
354093
205243
48103.8
0
8570.12
790123
467750
347331
201570
47166.2
0
8723.17
810060
480836
358023
207338
48651.7
0
8597.28
791838
468912
348318
202127
47301.2
0
8634.21
794835
470916
349992
203056
47531.8
0
8618.29
793164
469811
349081
202559
47405.7
0
8511.8
786441
465255
345213
200372
46876.1
0
8626.82
793703
470176
349392
202734
47448.2
0
8573.54
790339
467896
347456
201640
47183.2
0
8660.38
799313
473834
352354
204315
47861.2
0
8645.1
796699
472130
350975
203580
47668.9
0
8489.58
785038
464304
344405
199916
46765.6
0
8630.12
794135
470459
349623
202859
47480.3
0
8689.22
804249
477050
354958
205704
48224.3
0
8521.73
787068
465679
345573
200576
46925.5
0
8624.25
793541
470066
349298
202681
47435.4
0
8654.75
798349
473205
351846
204044
47790.3
0
8612.77
792816
469575
348881
202446
47378.3
0
8558.46
789387
467251
346908
201330
47108.2
0
8623.49
793493
470034
349270
202666
47431.6
0
8704.8
806916
478787
356364
206454
48420.4
0
8752.19
815026
484071
360642
208735
49017
0
8577.62
790597
468071
347604
201724
47203.5
0
8636.07
795153
471123
350160
203145
47555.2
0
8662.33
799647
474051
352530
204409
47885.8
0
8532.55
787751
466142
345966
200798
46979.3
0
8673.97
801639
475349
353581
204970
48032.3
0
8570.23
790130
467755
347335
201572
47166.7
0
8563.89
789730
467483
347105
201442
47135.2
0
8601.19
792085
469080
348460
202208
47320.7
0
8660.85
799394
473886
352397
204338
47867.1
0
8541.7
788329
466534
346299
200986
47024.8
0
8649.86
797513
472661
351405
203809
47728.8
0
8531.79
787703
466110
345939
200782
46975.5
0
8587.38
791213
468489
347959
201924
47252
0
8706.29
807171
478954
356499
206526
48439.2
0
8592.52
791537
468708
348145
202030
47277.6
0
8631.73
794410
470639
349768
202936
47500.6
0
8740.66
813053
482786
359601
208180
48871.9
0
8540.73
788268
466492
346264
200966
47020
0
8451.91
782660
462692
343036
199142
46578.2
0
8617.92
793141
469795
349068
202551
47403.9
0
8662.93
799750
474118
352585
204438
47893.3
0
8558.77
789407
467264
346919
201337
47109.7
0
8653.9
798205
473111
351770
204004
47779.7
0
8625.34
793610
470113
349338
202704
47440.8
0
8656.13
798586
473360
351971
204111
47807.8
0
8477.69
784288
463795
343973
199672
46706.4
0
8639.24
795696
471476
350446
203298
47595.1
0
8532.63
787756
466146
345969
200800
46979.7
0
8712.85
808293
479685
357091
206841
48521.8
0
8673.32
801529
475277
353523
204939
48024.2
0
8602.6
792174
469140
348511
202237
47327.7
0
8464.67
783466
463238
343500
199404
46641.7
0
8661.07
799431
473910
352416
204349
47869.9
0
8435.53
781626
461991
342441
198806
46496.8
0
8622.28
793417
469982
349226
202641
47425.6
0
8702.49
806521
478530
356156
206343
48391.4
0
8470.21
783815
463475
343701
199518
46669.3
0
8726.03
810549
481155
358281
207476
48687.7
0
8711.15
808002
479495
356937
206759
48500.4
0
8638.35
795542
471377
350365
203255
47583.9
0
8724.21
810238
480952
358117
207388
48664.8
0
8590.63
791418
468628
348077
201991
47268.2
0
8660.74
799375
473874
352387
204333
47865.8
0
8629.32
793997
470370
349550
202820
47470.2
0
8582.22
790887
468268
347771
201818
47226.3
0
8720.7
809638
480561
357800
207219
48620.7
0
8570.94
790175
467785
347361
201586
47170.2
0
8724.07
810214
480936
358104
207381
48663
0
8654.99
798391
473232
351868
204056
47793.4
0
8629.31
793995
470369
349549
202820
47470.1
0
8714.28
808538
479844
357220
206910
48539.8
0
8658.18
798937
473588
352156
204210
47833.6
0
8628.26
793816
470252
349455
202769
47456.9
0
8658.47
798987
473621
352182
204224
47837.2
0
8584.59
791037
468369
347857
201867
47238.1
0
8442.17
782045
462275
342683
198942
46529.8
0
8670.44
801036
474956
353263
204800
47988
0
8734.96
812078
482151
359087
207906
48800.1
0
8666.24
800317
474488
352884
204598
47935.1
0
8590.42
791405
468619
348069
201987
47267.1
0
8551.89
788972
466970
346669
201195
47075.5
0
8641.25
796039
471700
350627
203395
47620.4
0
8544.34
788496
466647
346395
201040
47038
0
8647.65
797135
472414
351205
203703
47701
0
8576.94
790554
468042
347579
201710
47200.1
0
8660.08
799262
473800
352327
204301
47857.4
0
8604.35
792285
469215
348575
202273
47336.4
0
8514.31
786599
465362
345303
200424
46888.6
0
8640.1
795842
471572
350523
203339
47605.9
0
8518.41
786858
465537
345452
200508
46909
0
8669.75
800916
474878
353200
204766
47979.1
0
8652.63
797987
472970
351655
203942
47763.7
0
8607.7
792496
469358
348697
202341
47353
0
8497.13
785515
464627
344679
200071
46803.1
0
8572.63
790282
467857
347423
201621
47178.6
0
8709.86
807781
479351
356821
206697
48484.1
0
8522.11
787092
465696
345587
200584
46927.4
0
8636.23
795180
471140
350174
203153
47557.2
0
8693.33
804953
477508
355329
205902
48276
0
8573.25
790321
467884
347445
201634
47181.7
0
8473.19
784004
463603
343810
199579
46684.1
0
8629.25
793986
470362
349544
202817
47469.4
0
8644.95
796673
472113
350962
203573
47667
0
8630.34
794172
470484
349642
202869
47483
0
8663.1
799779
474137
352600
204446
47895.5
0
8600.01
792010
469029
348417
202183
47314.8
0
8539.48
788189
466439
346218
200941
47013.8
0
8634.66
794911
470966
350032
203077
47537.4
0
8663.22
799799
474150
352610
204452
47897
0
8673.34
801532
475279
353524
204939
48024.4
0
8626.81
793702
470176
349391
202734
47448.1
0
8618.09
793152
469803
349074
202555
47404.7
0
8537.13
788041
466339
346133
200892
47002.1
0
8647.4
797091
472386
351182
203690
47697.8
0
8471.57
783901
463533
343751
199546
46676
0
8612.25
792783
469553
348862
202435
47375.7
0
8641.6
796100
471740
350659
203412
47624.9
0
8673.73
801598
475322
353559
204958
48029.3
0
8541.42
788311
466522
346289
200980
47023.4
0
8552.26
788996
466986
346683
201203
47077.3
0
8619.08
793214
469845
349110
202575
47409.6
0
8540.45
788250
466481
346253
200960
47018.6
0
8650.61
797641
472744
351472
203845
47738.2
0
8631.49
794369
470612
349746
202925
47497.5
0
8582.77
790922
468291
347791
201829
47229.1
0
8615.39
792982
469687
348976
202499
47391.3
0
8671.42
801204
475065
353351
204847
48000.3
0
8642.72
796292
471865
350761
203465
47639
0
8763.16
816905
485296
361633
209263
49155.2
0
8630.58
794214
470511
349665
202881
47486.2
0
8555.91
789226
467142
346815
201278
47095.5
0
8692.88
804876
477458
355288
205880
48270.4
0
8548.66
788768
466832
346552
201129
47059.4
0
8609.23
792593
469424
348752
202373
47360.7
0
8656.97
798730
473454
352047
204151
47818.4
0
8752.93
815154
484155
360709
208771
49026.4
0
8484.73
784732
464096
344229
199816
46741.4
0
8651.75
797836
472871
351575
203900
47752.6
0
8479.2
784383
463860
344028
199703
46714
0
8568.55
790024
467683
347274
201537
47158.3
0
8561.93
789606
467399
347034
201401
47125.4
0
8674.73
801770
475434
353650
205006
48041.9
0
8649.05
797375
472571
351332
203770
47718.7
0
8414.69
780310
461099
341684
198378
46393.1
0
8537.68
788075
466362
346153
200903
47004.8
0
8672.64
801412
475201
353461
204906
48015.6
0
8659.66
799191
473754
352290
204281
47852.2
0
8615.96
793017
469711
348997
202511
47394.1
0
8566.26
789880
467585
347191
201490
47147
0
8583.58
790973
468326
347820
201846
47233.1
0
8726.95
810706
481257
358364
207520
48699.3
0
8639.12
795674
471462
350435
203292
47593.6
0
8631.05
794293
470563
349706
202903
47492
0
8718.89
809327
480358
357636
207132
48597.8
0
8656.9
798718
473446
352040
204148
47817.4
0
8661.92
799576
474005
352493
204389
47880.6
0
8470.14
783811
463472
343699
199517
46668.9
0
8544.74
788521
466664
346409
201048
47039.9
0
8743.83
813597
483140
359888
208333
48911.8
0
8637.5
795397
471282
350289
203214
47573.2
0
8496.39
785468
464595
344652
200056
46799.4
0
8457.35
783003
462925
343234
199254
46605.3
0
8655.99
798563
473344
351958
204104
47806
0
8687.12
803890
476816
354768
205603
48197.9
0
8610.92
792699
469496
348814
202407
47369.1
0
8599.4
791972
469003
348395
202171
47311.8
0
8631.27
794331
470587
349726
202914
47494.7
0
8556.1
789238
467150
346822
201282
47096.4
0
8562.11
789617
467407
347040
201405
47126.3
0
8628.85
793918
470318
349508
202798
47464.3
0
8649.86
797513
472660
351405
203809
47728.8
0
8608.79
792565
469405
348736
202364
47358.5
0
8618.35
793168
469814
349084
202560
47406
0
8670.94
801121
475012
353308
204824
47994.2
0
8725.57
810471
481104
358240
207454
48681.9
0
8612.39
792792
469559
348867
202438
47376.4
0
8551.07
788920
466935
346639
201178
47071.4
0
8617.7
793127
469786
349060
202547
47402.8
0
8668.87
800766
474780
353120
204724
47968.1
0
8735.55
812179
482216
359140
207934
48807.5
0
8561.04
789550
467361
347001
201383
47121
0
8646.44
796929
472280
351096
203645
47685.8
