0
0
-0
0
-0
-0
0
0
229761
-6.39797e+06
1.57467e+06
-1.72972e+06
-639225
277427
-0
-6.39797e+06
1.78159e+08
-4.38485e+07
4.81662e+07
1.78e+07
-7.72528e+06
0
1.57467e+06
-4.38485e+07
1.0792e+07
-1.18547e+07
-4.38094e+06
1.90135e+06
-0
-1.72972e+06
4.81662e+07
-1.18547e+07
1.3022e+07
4.81232e+06
-2.08857e+06
-0
-639225
1.78e+07
-4.38094e+06
4.81232e+06
1.77841e+06
-771839
0
277427
-7.72528e+06
1.90135e+06
-2.08857e+06
-771839
334981
0
0
0
0
0
0
0
0
0
0
0
0
0
0
0
0
0
0
0
0
0
0
0
0
0
0
0
0
0
0
0
0
0
0
0
0
0
0
0
0
0
0
0
0
0
0
0
0
0
