0
0
-0
-0
0
-0
0
0
0
-0
-0
0
-0
0
-0
-0
8.9137e+08
2.41618e+07
-2.38861e+07
5.12798e+07
-5.23067e+07
-0
-0
2.41618e+07
654939
-647465
1.39001e+06
-1.41785e+06
0
0
-2.38861e+07
-647465
640075
-1.37415e+06
1.40166e+06
-0
-0
5.12798e+07
1.39001e+06
-1.37415e+06
2.95009e+06
-3.00916e+06
0
0
-5.23067e+07
-1.41785e+06
1.40166e+06
-3.00916e+06
3.06943e+06
0
0
0
0
-0
0
-0
0
0
0
0
-0
0
-0
0
0
1.04324e+09
2.60043e+07
-3.17725e+07
5.69085e+07
-6.12186e+07
0
0
2.60043e+07
648194
-791974
1.41853e+06
-1.52596e+06
-0
-0
-3.17725e+07
-791974
967647
-1.73318e+06
1.86444e+06
0
0
5.69085e+07
1.41853e+06
-1.73318e+06
3.10434e+06
-3.33946e+06
-0
-0
-6.12186e+07
-1.52596e+06
1.86444e+06
-3.33946e+06
3.59237e+06
