3
"reco p_{#mu}" "GeV/c" "reco $p_{\mu}$" "GeV$/c$"
"reco cos#theta_{#mu}" "" "reco $\cos\theta_{\mu}$" ""
"reco bin number" "" "reco bin number" ""
3
"events"
1 1 10 -1 -0.5 0 0.27 0.45 0.62 0.76 0.86 0.94 1
0
9
0 1 1
1 1 2
2 1 3
3 1 4
4 1 5
5 1 6
6 1 7
7 1 8
8 1 9
"events"
1 0 12 0.1 0.2 0.3 0.4 0.5 0.6 0.7 0.8 0.9 1.0 1.1 1.2
0
11
9 1 1
10 1 2
11 1 3
12 1 4
13 1 5
14 1 6
15 1 7
16 1 8
17 1 9
18 1 10
19 1 11
"events"
1 2 21 0 1 2 3 4 5 6 7 8 9 10 11 12 13 14 15 16 17 18 19 20
0
20
0 1 1
1 1 2
2 1 3
3 1 4
4 1 5
5 1 6
6 1 7
7 1 8
8 1 9
9 1 10
10 1 11
11 1 12
12 1 13
13 1 14
14 1 15
15 1 16
16 1 17
17 1 18
18 1 19
19 1 20
